NAME,GEO_ID,B23025_001E,B23025_002E,B23025_003E,B23025_004E,B23025_005E,B23025_006E,B23025_007E,state,county,tract,block group
"Block Group 1, Census Tract 4528.01, Fairfax County, Virginia",510594528011,798,434,434,434,0,0,364,51,59,452801,1
"Block Group 4, Census Tract 4528.01, Fairfax County, Virginia",510594528014,388,278,278,263,15,0,110,51,59,452801,4
"Block Group 1, Census Tract 4601, Fairfax County, Virginia",510594601001,1032,690,679,671,8,11,342,51,59,460100,1
"Block Group 1, Census Tract 4602, Fairfax County, Virginia",510594602001,1530,913,913,895,18,0,617,51,59,460200,1
"Block Group 2, Census Tract 4603, Fairfax County, Virginia",510594603002,1656,1145,1139,1116,23,6,511,51,59,460300,2
"Block Group 2, Census Tract 4604, Fairfax County, Virginia",510594604002,1547,1096,1071,1062,9,25,451,51,59,460400,2
"Block Group 1, Census Tract 4605.03, Fairfax County, Virginia",510594605031,803,577,577,561,16,0,226,51,59,460503,1
"Block Group 2, Census Tract 4605.04, Fairfax County, Virginia",510594605042,1914,1346,1346,1253,93,0,568,51,59,460504,2
"Block Group 1, Census Tract 4607.01, Fairfax County, Virginia",510594607011,1004,713,713,703,10,0,291,51,59,460701,1
"Block Group 2, Census Tract 4607.02, Fairfax County, Virginia",510594607022,1780,1484,1448,1342,106,36,296,51,59,460702,2
"Block Group 2, Census Tract 4608, Fairfax County, Virginia",510594608002,1810,1012,1012,977,35,0,798,51,59,460800,2
"Block Group 5, Census Tract 4615, Fairfax County, Virginia",510594615005,930,562,562,537,25,0,368,51,59,461500,5
"Block Group 2, Census Tract 4616.03, Fairfax County, Virginia",510594616032,1512,1097,1092,1079,13,5,415,51,59,461603,2
"Block Group 2, Census Tract 4616.04, Fairfax County, Virginia",510594616042,696,547,547,547,0,0,149,51,59,461604,2
"Block Group 3, Census Tract 4616.05, Fairfax County, Virginia",510594616053,888,733,727,727,0,6,155,51,59,461605,3
"Block Group 1, Census Tract 4617, Fairfax County, Virginia",510594617001,1758,1399,1394,1372,22,5,359,51,59,461700,1
"Block Group 4, Census Tract 4617, Fairfax County, Virginia",510594617004,1024,916,830,806,24,86,108,51,59,461700,4
"Block Group 2, Census Tract 4618.02, Fairfax County, Virginia",510594618022,1540,1236,1236,1236,0,0,304,51,59,461802,2
"Block Group 2, Census Tract 4619.01, Fairfax County, Virginia",510594619012,1615,1119,1108,1060,48,11,496,51,59,461901,2
"Block Group 2, Census Tract 4701, Fairfax County, Virginia",510594701002,1410,847,847,829,18,0,563,51,59,470100,2
"Block Group 1, Census Tract 4704, Fairfax County, Virginia",510594704001,934,529,529,483,46,0,405,51,59,470400,1
"Block Group 4, Census Tract 4704, Fairfax County, Virginia",510594704004,1268,727,708,708,0,19,541,51,59,470400,4
"Block Group 3, Census Tract 4705, Fairfax County, Virginia",510594705003,830,682,682,682,0,0,148,51,59,470500,3
"Block Group 2, Census Tract 4706, Fairfax County, Virginia",510594706002,1467,977,977,918,59,0,490,51,59,470600,2
"Block Group 2, Census Tract 4707, Fairfax County, Virginia",510594707002,861,495,469,455,14,26,366,51,59,470700,2
"Block Group 5, Census Tract 4707, Fairfax County, Virginia",510594707005,756,542,542,542,0,0,214,51,59,470700,5
"Block Group 1, Census Tract 4709, Fairfax County, Virginia",510594709001,1814,923,923,890,33,0,891,51,59,470900,1
"Block Group 3, Census Tract 4712.04, Fairfax County, Virginia",510594712043,1254,837,837,790,47,0,417,51,59,471204,3
"Block Group 2, Census Tract 4713.01, Fairfax County, Virginia",510594713012,2040,1532,1532,1483,49,0,508,51,59,471301,2
"Block Group 3, Census Tract 4713.03, Fairfax County, Virginia",510594713033,1627,1129,1116,1094,22,13,498,51,59,471303,3
"Block Group 2, Census Tract 4714.01, Fairfax County, Virginia",510594714012,1827,1391,1391,1371,20,0,436,51,59,471401,2
"Block Group 1, Census Tract 4801, Fairfax County, Virginia",510594801001,1059,640,640,616,24,0,419,51,59,480100,1
"Block Group 4, Census Tract 4801, Fairfax County, Virginia",510594801004,523,267,267,230,37,0,256,51,59,480100,4
"Block Group 3, Census Tract 4802.01, Fairfax County, Virginia",510594802013,827,571,563,534,29,8,256,51,59,480201,3
"Block Group 1, Census Tract 4802.04, Fairfax County, Virginia",510594802041,1250,1091,1091,1021,70,0,159,51,59,480204,1
"Block Group 1, Census Tract 4802.05, Fairfax County, Virginia",510594802051,308,232,232,215,17,0,76,51,59,480205,1
"Block Group 2, Census Tract 4803.01, Fairfax County, Virginia",510594803012,1243,794,794,735,59,0,449,51,59,480301,2
"Block Group 3, Census Tract 4803.02, Fairfax County, Virginia",510594803023,1983,1441,1441,1441,0,0,542,51,59,480302,3
"Block Group 1, Census Tract 4804.02, Fairfax County, Virginia",510594804021,1790,1131,1131,1086,45,0,659,51,59,480402,1
"Block Group 1, Census Tract 4805.01, Fairfax County, Virginia",510594805011,622,399,399,380,19,0,223,51,59,480501,1
"Block Group 1, Census Tract 4805.02, Fairfax County, Virginia",510594805021,2742,1935,1935,1842,93,0,807,51,59,480502,1
"Block Group 3, Census Tract 202, Tazewell County, Virginia",511850202003,1183,414,414,410,4,0,769,51,185,20200,3
"Block Group 2, Census Tract 203.01, Tazewell County, Virginia",511850203012,591,328,328,328,0,0,263,51,185,20301,2
"Block Group 2, Census Tract 203.02, Tazewell County, Virginia",511850203022,306,170,170,150,20,0,136,51,185,20302,2
"Block Group 1, Census Tract 204, Tazewell County, Virginia",511850204001,681,375,375,292,83,0,306,51,185,20400,1
"Block Group 4, Census Tract 204, Tazewell County, Virginia",511850204004,1057,518,518,482,36,0,539,51,185,20400,4
"Block Group 3, Census Tract 205, Tazewell County, Virginia",511850205003,633,219,219,207,12,0,414,51,185,20500,3
"Block Group 3, Census Tract 206, Tazewell County, Virginia",511850206003,1296,846,846,782,64,0,450,51,185,20600,3
"Block Group 2, Census Tract 207, Tazewell County, Virginia",511850207002,1291,777,777,763,14,0,514,51,185,20700,2
"Block Group 2, Census Tract 208, Tazewell County, Virginia",511850208002,628,358,358,352,6,0,270,51,185,20800,2
"Block Group 2, Census Tract 201.02, Warren County, Virginia",511870201022,974,794,794,724,70,0,180,51,187,20102,2
"Block Group 1, Census Tract 203, Warren County, Virginia",511870203001,720,465,465,362,103,0,255,51,187,20300,1
"Block Group 4, Census Tract 203, Warren County, Virginia",511870203004,1494,993,993,993,0,0,501,51,187,20300,4
"Block Group 2, Census Tract 204, Warren County, Virginia",511870204002,555,444,444,408,36,0,111,51,187,20400,2
"Block Group 5, Census Tract 204, Warren County, Virginia",511870204005,506,338,338,314,24,0,168,51,187,20400,5
"Block Group 3, Census Tract 205, Warren County, Virginia",511870205003,979,698,698,661,37,0,281,51,187,20500,3
"Block Group 2, Census Tract 206.01, Warren County, Virginia",511870206012,2734,1713,1713,1646,67,0,1021,51,187,20601,2
"Block Group 1, Census Tract 206.02, Warren County, Virginia",511870206021,1214,774,774,721,53,0,440,51,187,20602,1
"Block Group 2, Census Tract 207, Warren County, Virginia",511870207002,999,572,572,561,11,0,427,51,187,20700,2
"Block Group 3, Census Tract 101.01, Washington County, Virginia",511910101013,843,563,563,536,27,0,280,51,191,10101,3
"Block Group 1, Census Tract 102, Washington County, Virginia",511910102001,1714,978,978,978,0,0,736,51,191,10200,1
"Block Group 4, Census Tract 102, Washington County, Virginia",511910102004,1481,850,850,850,0,0,631,51,191,10200,4
"Block Group 1, Census Tract 103.02, Washington County, Virginia",511910103021,1020,554,554,517,37,0,466,51,191,10302,1
"Block Group 2, Census Tract 104.01, Washington County, Virginia",511910104012,1098,644,644,644,0,0,454,51,191,10401,2
"Block Group 2, Census Tract 105.01, Washington County, Virginia",511910105012,1409,700,700,660,40,0,709,51,191,10501,2
"Block Group 2, Census Tract 105.02, Washington County, Virginia",511910105022,832,525,525,486,39,0,307,51,191,10502,2
"Block Group 3, Census Tract 109, Washington County, Virginia",511910109003,807,358,358,329,29,0,449,51,191,10900,3
"Block Group 3, Census Tract 110, Washington County, Virginia",511910110003,1199,739,739,733,6,0,460,51,191,11000,3
"Block Group 1, Census Tract 101.02, Westmoreland County, Virginia",511930101021,425,153,153,138,15,0,272,51,193,10102,1
"Block Group 4, Census Tract 101.02, Westmoreland County, Virginia",511930101024,607,367,367,335,32,0,240,51,193,10102,4
"Block Group 3, Census Tract 102, Westmoreland County, Virginia",511930102003,1140,655,655,647,8,0,485,51,193,10200,3
"Block Group 3, Census Tract 103, Westmoreland County, Virginia",511930103003,708,387,387,380,7,0,321,51,193,10300,3
"Block Group 1, Census Tract 104.02, Westmoreland County, Virginia",511930104021,920,505,505,474,31,0,415,51,193,10402,1
"Block Group 1, Census Tract 9307, Wise County, Virginia",511959307001,1548,489,489,423,66,0,1059,51,195,930700,1
"Block Group 1, Census Tract 9308, Wise County, Virginia",511959308001,1068,491,491,431,60,0,577,51,195,930800,1
"Block Group 2, Census Tract 9309, Wise County, Virginia",511959309002,1653,952,952,855,97,0,701,51,195,930900,2
"Block Group 1, Census Tract 9311, Wise County, Virginia",511959311001,1034,297,297,228,69,0,737,51,195,931100,1
"Block Group 1, Census Tract 9312, Wise County, Virginia",511959312001,1582,833,833,817,16,0,749,51,195,931200,1
"Block Group 4, Census Tract 9312, Wise County, Virginia",511959312004,410,130,130,130,0,0,280,51,195,931200,4
"Block Group 2, Census Tract 9313, Wise County, Virginia",511959313002,1324,662,662,631,31,0,662,51,195,931300,2
"Block Group 3, Census Tract 9314, Wise County, Virginia",511959314003,1585,770,768,699,69,2,815,51,195,931400,3
"Block Group 3, Census Tract 9315, Wise County, Virginia",511959315003,1194,422,422,380,42,0,772,51,195,931500,3
"Block Group 1, Census Tract 4805.03, Fairfax County, Virginia",510594805031,1057,628,628,614,14,0,429,51,59,480503,1
"Block Group 1, Census Tract 4809.02, Fairfax County, Virginia",510594809021,2280,1861,1861,1746,115,0,419,51,59,480902,1
"Block Group 2, Census Tract 4809.03, Fairfax County, Virginia",510594809032,1237,1005,1005,984,21,0,232,51,59,480903,2
"Block Group 2, Census Tract 4810, Fairfax County, Virginia",510594810002,3448,3073,2962,2842,120,111,375,51,59,481000,2
"Block Group 1, Census Tract 4811.02, Fairfax County, Virginia",510594811021,2433,1952,1926,1887,39,26,481,51,59,481102,1
"Block Group 2, Census Tract 4811.03, Fairfax County, Virginia",510594811032,1166,794,794,794,0,0,372,51,59,481103,2
"Block Group 3, Census Tract 4811.04, Fairfax County, Virginia",510594811043,394,290,290,281,9,0,104,51,59,481104,3
"Block Group 3, Census Tract 4811.05, Fairfax County, Virginia",510594811053,1066,791,780,780,0,11,275,51,59,481105,3
"Block Group 3, Census Tract 4811.06, Fairfax County, Virginia",510594811063,1797,1211,1211,1203,8,0,586,51,59,481106,3
"Block Group 2, Census Tract 4812.02, Fairfax County, Virginia",510594812022,1063,910,910,893,17,0,153,51,59,481202,2
"Block Group 2, Census Tract 4814, Fairfax County, Virginia",510594814002,1698,1170,1170,1154,16,0,528,51,59,481400,2
"Block Group 1, Census Tract 4815, Fairfax County, Virginia",510594815001,1728,1084,1084,1048,36,0,644,51,59,481500,1
"Block Group 1, Census Tract 4817.01, Fairfax County, Virginia",510594817011,1523,995,995,978,17,0,528,51,59,481701,1
"Block Group 1, Census Tract 4817.02, Fairfax County, Virginia",510594817021,1339,1003,999,939,60,4,336,51,59,481702,1
"Block Group 1, Census Tract 4819, Fairfax County, Virginia",510594819001,1681,1402,1384,1241,143,18,279,51,59,481900,1
"Block Group 3, Census Tract 4819, Fairfax County, Virginia",510594819003,1893,1059,1059,935,124,0,834,51,59,481900,3
"Block Group 3, Census Tract 4822.05, Fairfax County, Virginia",510594822053,198,165,165,165,0,0,33,51,59,482205,3
"Block Group 2, Census Tract 4823.01, Fairfax County, Virginia",510594823012,347,324,324,263,61,0,23,51,59,482301,2
"Block Group 2, Census Tract 4823.02, Fairfax County, Virginia",510594823022,1773,1474,1474,1434,40,0,299,51,59,482302,2
"Block Group 3, Census Tract 4823.03, Fairfax County, Virginia",510594823033,1030,699,690,682,8,9,331,51,59,482303,3
"Block Group 2, Census Tract 4825.02, Fairfax County, Virginia",510594825022,1548,1212,1212,1184,28,0,336,51,59,482502,2
"Block Group 3, Census Tract 4825.03, Fairfax County, Virginia",510594825033,1458,1050,1042,1029,13,8,408,51,59,482503,3
"Block Group 3, Census Tract 4825.04, Fairfax County, Virginia",510594825043,1381,1152,1152,1141,11,0,229,51,59,482504,3
"Block Group 1, Census Tract 4825.06, Fairfax County, Virginia",510594825061,557,557,557,537,20,0,0,51,59,482506,1
"Block Group 2, Census Tract 4825.07, Fairfax County, Virginia",510594825072,1602,1397,1392,1215,177,5,205,51,59,482507,2
"Block Group 1, Census Tract 4826.01, Fairfax County, Virginia",510594826011,1254,955,946,922,24,9,299,51,59,482601,1
"Block Group 1, Census Tract 4826.03, Fairfax County, Virginia",510594826031,1332,727,727,720,7,0,605,51,59,482603,1
"Block Group 2, Census Tract 4826.04, Fairfax County, Virginia",510594826042,1511,1073,1073,1062,11,0,438,51,59,482604,2
"Block Group 3, Census Tract 4901.01, Fairfax County, Virginia",510594901013,2010,1644,1644,1450,194,0,366,51,59,490101,3
"Block Group 1, Census Tract 4901.05, Fairfax County, Virginia",510594901051,1043,776,776,710,66,0,267,51,59,490105,1
"Block Group 1, Census Tract 4905.01, Fairfax County, Virginia",510594905011,1016,868,868,832,36,0,148,51,59,490501,1
"Block Group 4, Census Tract 4912.01, Fairfax County, Virginia",510594912014,397,333,333,333,0,0,64,51,59,491201,4
"Block Group 2, Census Tract 4913.01, Fairfax County, Virginia",510594913012,2187,1683,1649,1586,63,34,504,51,59,491301,2
"Block Group 1, Census Tract 4913.02, Fairfax County, Virginia",510594913021,1709,1336,1297,1265,32,39,373,51,59,491302,1
"Block Group 2, Census Tract 4913.03, Fairfax County, Virginia",510594913032,2280,1911,1911,1893,18,0,369,51,59,491303,2
"Block Group 3, Census Tract 4914.01, Fairfax County, Virginia",510594914013,580,447,447,447,0,0,133,51,59,491401,3
"Block Group 2, Census Tract 4914.02, Fairfax County, Virginia",510594914022,1328,1088,1074,1030,44,14,240,51,59,491402,2
"Block Group 1, Census Tract 4914.04, Fairfax County, Virginia",510594914041,1101,886,886,863,23,0,215,51,59,491404,1
"Block Group 1, Census Tract 4914.05, Fairfax County, Virginia",510594914051,1999,1314,1292,1236,56,22,685,51,59,491405,1
"Block Group 3, Census Tract 4915.01, Fairfax County, Virginia",510594915013,1535,1341,1330,1296,34,11,194,51,59,491501,3
"Block Group 3, Census Tract 4915.02, Fairfax County, Virginia",510594915023,1299,887,887,851,36,0,412,51,59,491502,3
"Block Group 1, Census Tract 503.01, Wythe County, Virginia",511970503011,1253,907,907,821,86,0,346,51,197,50301,1
"Block Group 4, Census Tract 503.01, Wythe County, Virginia",511970503014,580,314,314,314,0,0,266,51,197,50301,4
"Block Group 1, Census Tract 503.02, Wythe County, Virginia",511970503021,1881,1289,1289,1266,23,0,592,51,197,50302,1
"Block Group 2, Census Tract 504.01, Wythe County, Virginia",511970504012,1305,616,616,585,31,0,689,51,197,50401,2
"Block Group 2, Census Tract 504.02, Wythe County, Virginia",511970504022,426,233,233,208,25,0,193,51,197,50402,2
"Block Group 1, Census Tract 502.03, York County, Virginia",511990502031,1725,1220,1205,1173,32,15,505,51,199,50203,1
"Block Group 1, Census Tract 502.05, York County, Virginia",511990502051,674,406,406,392,14,0,268,51,199,50205,1
"Block Group 1, Census Tract 502.06, York County, Virginia",511990502061,1719,1359,1235,1199,36,124,360,51,199,50206,1
"Block Group 4, Census Tract 502.06, York County, Virginia",511990502064,1242,737,737,705,32,0,505,51,199,50206,4
"Block Group 3, Census Tract 502.07, York County, Virginia",511990502073,1033,679,458,399,59,221,354,51,199,50207,3
"Block Group 1, Census Tract 503.03, York County, Virginia",511990503031,1818,1281,1147,1101,46,134,537,51,199,50303,1
"Block Group 1, Census Tract 503.04, York County, Virginia",511990503041,1216,697,677,635,42,20,519,51,199,50304,1
"Block Group 3, Census Tract 503.04, York County, Virginia",511990503043,1918,1277,1173,1119,54,104,641,51,199,50304,3
"Block Group 2, Census Tract 503.06, York County, Virginia",511990503062,629,449,449,374,75,0,180,51,199,50306,2
"Block Group 2, Census Tract 504.01, York County, Virginia",511990504012,982,608,580,532,48,28,374,51,199,50401,2
"Block Group 3, Census Tract 504.02, York County, Virginia",511990504023,605,271,271,249,22,0,334,51,199,50402,3
"Block Group 2, Census Tract 2001.04, Alexandria city, Virginia",515102001042,372,296,296,296,0,0,76,51,510,200104,2
"Block Group 2, Census Tract 2001.05, Alexandria city, Virginia",515102001052,3208,2856,2856,2846,10,0,352,51,510,200105,2
"Block Group 3, Census Tract 2001.06, Alexandria city, Virginia",515102001063,448,175,175,143,32,0,273,51,510,200106,3
"Block Group 1, Census Tract 2001.09, Alexandria city, Virginia",515102001091,846,569,569,569,0,0,277,51,510,200109,1
"Block Group 1, Census Tract 2001.10, Alexandria city, Virginia",515102001101,1161,1065,1065,1065,0,0,96,51,510,200110,1
"Block Group 2, Census Tract 2001.11, Alexandria city, Virginia",515102001112,1822,1434,1434,1410,24,0,388,51,510,200111,2
"Block Group 2, Census Tract 2002.01, Alexandria city, Virginia",515102002012,1193,778,745,745,0,33,415,51,510,200201,2
"Block Group 2, Census Tract 2002.02, Alexandria city, Virginia",515102002022,552,363,355,337,18,8,189,51,510,200202,2
"Block Group 1, Census Tract 2003.02, Alexandria city, Virginia",515102003021,1982,1467,1462,1211,251,5,515,51,510,200302,1
"Block Group 1, Census Tract 2003.04, Alexandria city, Virginia",515102003041,1514,851,851,719,132,0,663,51,510,200304,1
"Block Group 1, Census Tract 2003.05, Alexandria city, Virginia",515102003051,960,893,893,812,81,0,67,51,510,200305,1
"Block Group 1, Census Tract 2004.04, Alexandria city, Virginia",515102004041,2055,1596,1442,1414,28,154,459,51,510,200404,1
"Block Group 2, Census Tract 2004.06, Alexandria city, Virginia",515102004062,1200,910,910,849,61,0,290,51,510,200406,2
"Block Group 1, Census Tract 2004.07, Alexandria city, Virginia",515102004071,688,543,531,531,0,12,145,51,510,200407,1
"Block Group 1, Census Tract 2004.08, Alexandria city, Virginia",515102004081,1398,1012,981,957,24,31,386,51,510,200408,1
"Block Group 2, Census Tract 2007.03, Alexandria city, Virginia",515102007032,713,626,614,595,19,12,87,51,510,200703,2
"Block Group 1, Census Tract 2007.04, Alexandria city, Virginia",515102007041,1189,770,721,721,0,49,419,51,510,200704,1
"Block Group 1, Census Tract 2007.05, Alexandria city, Virginia",515102007051,844,426,426,426,0,0,418,51,510,200705,1
"Block Group 1, Census Tract 2008.01, Alexandria city, Virginia",515102008011,1581,1287,1277,1221,56,10,294,51,510,200801,1
"Block Group 2, Census Tract 2008.02, Alexandria city, Virginia",515102008022,821,583,583,564,19,0,238,51,510,200802,2
"Block Group 2, Census Tract 2009, Alexandria city, Virginia",515102009002,941,674,663,647,16,11,267,51,510,200900,2
"Block Group 1, Census Tract 2010, Alexandria city, Virginia",515102010001,1132,996,996,996,0,0,136,51,510,201000,1
"Block Group 1, Census Tract 2011, Alexandria city, Virginia",515102011001,729,507,437,392,45,70,222,51,510,201100,1
"Block Group 1, Census Tract 2012.02, Alexandria city, Virginia",515102012021,514,421,404,388,16,17,93,51,510,201202,1
"Block Group 4, Census Tract 2012.02, Alexandria city, Virginia",515102012024,867,802,758,720,38,44,65,51,510,201202,4
"Block Group 3, Census Tract 4916.01, Fairfax County, Virginia",510594916013,1369,913,896,886,10,17,456,51,59,491601,3
"Block Group 1, Census Tract 4917.01, Fairfax County, Virginia",510594917011,639,510,510,510,0,0,129,51,59,491701,1
"Block Group 1, Census Tract 4917.03, Fairfax County, Virginia",510594917031,2517,2122,2122,2097,25,0,395,51,59,491703,1
"Block Group 1, Census Tract 4917.04, Fairfax County, Virginia",510594917041,936,797,797,797,0,0,139,51,59,491704,1
"Block Group 1, Census Tract 4917.05, Fairfax County, Virginia",510594917051,2446,1707,1687,1640,47,20,739,51,59,491705,1
"Block Group 2, Census Tract 4921, Fairfax County, Virginia",510594921002,1371,676,652,619,33,24,695,51,59,492100,2
"Block Group 1, Census Tract 4922.01, Fairfax County, Virginia",510594922011,1761,1084,1078,1068,10,6,677,51,59,492201,1
"Block Group 2, Census Tract 4922.02, Fairfax County, Virginia",510594922022,2240,1521,1508,1460,48,13,719,51,59,492202,2
"Block Group 2, Census Tract 4922.03, Fairfax County, Virginia",510594922032,1030,737,706,698,8,31,293,51,59,492203,2
"Block Group 2, Census Tract 4923, Fairfax County, Virginia",510594923002,1142,707,629,629,0,78,435,51,59,492300,2
"Block Group 1, Census Tract 4925, Fairfax County, Virginia",510594925001,1584,1106,1106,1077,29,0,478,51,59,492500,1
"Block Group 1, Census Tract 9802, Fairfax County, Virginia",510599802001,0,0,0,0,0,0,0,51,59,980200,1
"Block Group 2, Census Tract 9301.01, Fauquier County, Virginia",510619301012,2380,1702,1702,1646,56,0,678,51,61,930101,2
"Block Group 1, Census Tract 9302.03, Fauquier County, Virginia",510619302031,593,343,343,337,6,0,250,51,61,930203,1
"Block Group 2, Census Tract 9302.04, Fauquier County, Virginia",510619302042,1038,619,610,599,11,9,419,51,61,930204,2
"Block Group 1, Census Tract 9302.06, Fauquier County, Virginia",510619302061,1137,656,656,619,37,0,481,51,61,930206,1
"Block Group 1, Census Tract 9303.03, Fauquier County, Virginia",510619303031,1246,887,887,877,10,0,359,51,61,930303,1
"Block Group 1, Census Tract 9303.04, Fauquier County, Virginia",510619303041,2094,1058,1058,1031,27,0,1036,51,61,930304,1
"Block Group 3, Census Tract 9303.05, Fauquier County, Virginia",510619303053,1089,713,692,640,52,21,376,51,61,930305,3
"Block Group 2, Census Tract 9304.01, Fauquier County, Virginia",510619304012,1847,1396,1386,1327,59,10,451,51,61,930401,2
"Block Group 2, Census Tract 9307.06, Fauquier County, Virginia",510619307062,1991,1628,1625,1573,52,3,363,51,61,930706,2
"Block Group 2, Census Tract 9307.07, Fauquier County, Virginia",510619307072,795,449,444,438,6,5,346,51,61,930707,2
"Block Group 3, Census Tract 9201.02, Floyd County, Virginia",510639201023,777,447,447,432,15,0,330,51,63,920102,3
"Block Group 3, Census Tract 9201.03, Floyd County, Virginia",510639201033,979,565,565,565,0,0,414,51,63,920103,3
"Block Group 1, Census Tract 9202.01, Floyd County, Virginia",510639202011,1252,707,693,604,89,14,545,51,63,920201,1
"Block Group 2, Census Tract 9202.02, Floyd County, Virginia",510639202022,881,474,474,442,32,0,407,51,63,920202,2
"Block Group 3, Census Tract 201.01, Fluvanna County, Virginia",510650201013,510,219,219,219,0,0,291,51,65,20101,3
"Block Group 2, Census Tract 201.03, Fluvanna County, Virginia",510650201032,735,349,349,349,0,0,386,51,65,20103,2
"Block Group 3, Census Tract 201.04, Fluvanna County, Virginia",510650201043,1783,1101,1087,1068,19,14,682,51,65,20104,3
"Block Group 3, Census Tract 202, Fluvanna County, Virginia",510650202003,1739,1164,1164,1164,0,0,575,51,65,20200,3
"Block Group 2, Census Tract 203, Fluvanna County, Virginia",510650203002,2165,1602,1602,1471,131,0,563,51,65,20300,2
"Block Group 2, Census Tract 201.02, Franklin County, Virginia",510670201022,1114,526,526,516,10,0,588,51,67,20102,2
"Block Group 2, Census Tract 201.03, Franklin County, Virginia",510670201032,1035,457,457,448,9,0,578,51,67,20103,2
"Block Group 3, Census Tract 201.04, Franklin County, Virginia",510670201043,746,166,166,150,16,0,580,51,67,20104,3
"Block Group 2, Census Tract 202, Franklin County, Virginia",510670202002,1019,736,736,718,18,0,283,51,67,20200,2
"Block Group 2, Census Tract 206, Franklin County, Virginia",510670206002,728,504,504,496,8,0,224,51,67,20600,2
"Block Group 1, Census Tract 207.01, Franklin County, Virginia",510670207011,1438,678,678,655,23,0,760,51,67,20701,1
"Block Group 2, Census Tract 207.02, Franklin County, Virginia",510670207022,663,337,337,302,35,0,326,51,67,20702,2
"Block Group 2, Census Tract 208.01, Franklin County, Virginia",510670208012,1348,709,709,573,136,0,639,51,67,20801,2
"Block Group 2, Census Tract 208.02, Franklin County, Virginia",510670208022,1951,874,874,870,4,0,1077,51,67,20802,2
"Block Group 1, Census Tract 209.02, Franklin County, Virginia",510670209021,667,310,310,291,19,0,357,51,67,20902,1
"Block Group 1, Census Tract 2012.05, Alexandria city, Virginia",515102012051,1045,967,956,956,0,11,78,51,510,201205,1
"Block Group 2, Census Tract 2012.06, Alexandria city, Virginia",515102012062,432,313,295,295,0,18,119,51,510,201206,2
"Block Group 2, Census Tract 2013, Alexandria city, Virginia",515102013002,682,476,468,468,0,8,206,51,510,201300,2
"Block Group 4, Census Tract 2013, Alexandria city, Virginia",515102013004,1046,867,849,844,5,18,179,51,510,201300,4
"Block Group 3, Census Tract 2014, Alexandria city, Virginia",515102014003,664,444,424,424,0,20,220,51,510,201400,3
"Block Group 2, Census Tract 2018.04, Alexandria city, Virginia",515102018042,830,701,682,671,11,19,129,51,510,201804,2
"Block Group 2, Census Tract 2018.05, Alexandria city, Virginia",515102018052,897,349,331,318,13,18,548,51,510,201805,2
"Block Group 1, Census Tract 2019, Alexandria city, Virginia",515102019001,555,394,380,357,23,14,161,51,510,201900,1
"Block Group 2, Census Tract 2020.01, Alexandria city, Virginia",515102020012,893,432,432,422,10,0,461,51,510,202001,2
"Block Group 2, Census Tract 2020.02, Alexandria city, Virginia",515102020022,853,637,588,557,31,49,216,51,510,202002,2
"Block Group 2, Census Tract 201, Bristol city, Virginia",515200201002,312,121,121,121,0,0,191,51,520,20100,2
"Block Group 2, Census Tract 202.01, Bristol city, Virginia",515200202012,325,110,110,110,0,0,215,51,520,20201,2
"Block Group 2, Census Tract 202.02, Bristol city, Virginia",515200202022,678,419,419,397,22,0,259,51,520,20202,2
"Block Group 3, Census Tract 203, Bristol city, Virginia",515200203003,582,369,369,362,7,0,213,51,520,20300,3
"Block Group 3, Census Tract 204, Bristol city, Virginia",515200204003,1501,1208,1208,1178,30,0,293,51,520,20400,3
"Block Group 1, Census Tract 9306.01, Buena Vista city, Virginia",515309306011,341,281,281,281,0,0,60,51,530,930601,1
"Block Group 1, Census Tract 9306.02, Buena Vista city, Virginia",515309306021,917,567,567,563,4,0,350,51,530,930602,1
"Block Group 2, Census Tract 2.01, Charlottesville city, Virginia",515400002012,629,378,370,324,46,8,251,51,540,201,2
"Block Group 2, Census Tract 2.02, Charlottesville city, Virginia",515400002022,2301,835,835,814,21,0,1466,51,540,202,2
"Block Group 2, Census Tract 3.02, Charlottesville city, Virginia",515400003022,1170,819,819,819,0,0,351,51,540,302,2
"Block Group 3, Census Tract 6, Charlottesville city, Virginia",515400006003,288,78,78,74,4,0,210,51,540,600,3
"Block Group 3, Census Tract 7, Charlottesville city, Virginia",515400007003,907,385,362,362,0,23,522,51,540,700,3
"Block Group 2, Census Tract 8, Charlottesville city, Virginia",515400008002,632,439,439,439,0,0,193,51,540,800,2
"Block Group 1, Census Tract 9, Charlottesville city, Virginia",515400009001,1080,836,824,791,33,12,244,51,540,900,1
"Block Group 2, Census Tract 10, Charlottesville city, Virginia",515400010002,782,596,596,596,0,0,186,51,540,1000,2
"Block Group 1, Census Tract 200.02, Chesapeake city, Virginia",515500200021,1142,799,785,763,22,14,343,51,550,20002,1
"Block Group 1, Census Tract 200.03, Chesapeake city, Virginia",515500200031,763,571,571,491,80,0,192,51,550,20003,1
"Block Group 4, Census Tract 200.03, Chesapeake city, Virginia",515500200034,850,635,571,526,45,64,215,51,550,20003,4
"Block Group 2, Census Tract 201, Chesapeake city, Virginia",515500201002,785,524,524,461,63,0,261,51,550,20100,2
"Block Group 1, Census Tract 202, Chesapeake city, Virginia",515500202001,938,486,486,389,97,0,452,51,550,20200,1
"Block Group 3, Census Tract 202, Chesapeake city, Virginia",515500202003,723,403,369,337,32,34,320,51,550,20200,3
"Block Group 2, Census Tract 203, Chesapeake city, Virginia",515500203002,598,310,297,256,41,13,288,51,550,20300,2
"Block Group 3, Census Tract 204, Chesapeake city, Virginia",515500204003,422,250,250,250,0,0,172,51,550,20400,3
"Block Group 2, Census Tract 206, Chesapeake city, Virginia",515500206002,830,625,625,615,10,0,205,51,550,20600,2
"Block Group 1, Census Tract 207, Chesapeake city, Virginia",515500207001,1312,992,977,923,54,15,320,51,550,20700,1
"Block Group 3, Census Tract 208.09, Chesapeake city, Virginia",515500208093,712,383,383,370,13,0,329,51,550,20809,3
"Block Group 2, Census Tract 208.11, Chesapeake city, Virginia",515500208112,2537,1592,1540,1540,0,52,945,51,550,20811,2
"Block Group 1, Census Tract 208.13, Chesapeake city, Virginia",515500208131,1207,928,743,724,19,185,279,51,550,20813,1
"Block Group 2, Census Tract 208.14, Chesapeake city, Virginia",515500208142,882,698,647,613,34,51,184,51,550,20814,2
"Block Group 2, Census Tract 209.03, Chesapeake city, Virginia",515500209032,888,721,674,653,21,47,167,51,550,20903,2
"Block Group 1, Census Tract 209.07, Chesapeake city, Virginia",515500209071,1417,1006,989,934,55,17,411,51,550,20907,1
"Block Group 1, Census Tract 501, Frederick County, Virginia",510690501001,1403,938,938,877,61,0,465,51,69,50100,1
"Block Group 4, Census Tract 501, Frederick County, Virginia",510690501004,2246,1563,1533,1492,41,30,683,51,69,50100,4
"Block Group 3, Census Tract 502, Frederick County, Virginia",510690502003,1327,763,747,747,0,16,564,51,69,50200,3
"Block Group 3, Census Tract 503, Frederick County, Virginia",510690503003,811,486,486,454,32,0,325,51,69,50300,3
"Block Group 2, Census Tract 504.01, Frederick County, Virginia",510690504012,1490,1051,1009,989,20,42,439,51,69,50401,2
"Block Group 2, Census Tract 504.02, Frederick County, Virginia",510690504022,500,208,208,202,6,0,292,51,69,50402,2
"Block Group 3, Census Tract 505, Frederick County, Virginia",510690505003,902,159,159,150,9,0,743,51,69,50500,3
"Block Group 1, Census Tract 506, Frederick County, Virginia",510690506001,1250,864,864,847,17,0,386,51,69,50600,1
"Block Group 1, Census Tract 507, Frederick County, Virginia",510690507001,1687,1101,1101,1086,15,0,586,51,69,50700,1
"Block Group 2, Census Tract 508.01, Frederick County, Virginia",510690508012,1576,745,745,742,3,0,831,51,69,50801,2
"Block Group 1, Census Tract 510.02, Frederick County, Virginia",510690510021,1024,800,800,800,0,0,224,51,69,51002,1
"Block Group 4, Census Tract 510.02, Frederick County, Virginia",510690510024,576,442,442,442,0,0,134,51,69,51002,4
"Block Group 3, Census Tract 511.02, Frederick County, Virginia",510690511023,671,502,502,502,0,0,169,51,69,51102,3
"Block Group 2, Census Tract 511.03, Frederick County, Virginia",510690511032,1393,857,857,857,0,0,536,51,69,51103,2
"Block Group 1, Census Tract 9301, Giles County, Virginia",510719301001,930,545,545,535,10,0,385,51,71,930100,1
"Block Group 2, Census Tract 9302, Giles County, Virginia",510719302002,979,613,613,602,11,0,366,51,71,930200,2
"Block Group 2, Census Tract 9303, Giles County, Virginia",510719303002,1099,769,769,726,43,0,330,51,71,930300,2
"Block Group 4, Census Tract 9303, Giles County, Virginia",510719303004,973,408,408,390,18,0,565,51,71,930300,4
"Block Group 1, Census Tract 9304, Giles County, Virginia",510719304001,1298,604,604,569,35,0,694,51,71,930400,1
"Block Group 4, Census Tract 9304, Giles County, Virginia",510719304004,513,312,305,285,20,7,201,51,71,930400,4
"Block Group 1, Census Tract 1001.02, Gloucester County, Virginia",510731001021,2153,1552,1527,1496,31,25,601,51,73,100102,1
"Block Group 2, Census Tract 1002.01, Gloucester County, Virginia",510731002012,1717,961,961,839,122,0,756,51,73,100201,2
"Block Group 2, Census Tract 1002.02, Gloucester County, Virginia",510731002022,1872,1139,1139,1107,32,0,733,51,73,100202,2
"Block Group 3, Census Tract 1002.03, Gloucester County, Virginia",510731002033,639,421,421,421,0,0,218,51,73,100203,3
"Block Group 2, Census Tract 1003.01, Gloucester County, Virginia",510731003012,1476,749,728,728,0,21,727,51,73,100301,2
"Block Group 1, Census Tract 4003, Goochland County, Virginia",510754003001,1034,31,31,31,0,0,1003,51,75,400300,1
"Block Group 3, Census Tract 4004, Goochland County, Virginia",510754004003,777,634,634,634,0,0,143,51,75,400400,3
"Block Group 2, Census Tract 4005, Goochland County, Virginia",510754005002,1492,986,986,986,0,0,506,51,75,400500,2
"Block Group 2, Census Tract 601.01, Grayson County, Virginia",510770601012,623,375,375,338,37,0,248,51,77,60101,2
"Block Group 2, Census Tract 601.02, Grayson County, Virginia",510770601022,613,388,388,358,30,0,225,51,77,60102,2
"Block Group 1, Census Tract 602.01, Grayson County, Virginia",510770602011,813,434,434,410,24,0,379,51,77,60201,1
"Block Group 1, Census Tract 602.02, Grayson County, Virginia",510770602021,1003,384,384,384,0,0,619,51,77,60202,1
"Block Group 3, Census Tract 602.02, Grayson County, Virginia",510770602023,485,349,349,349,0,0,136,51,77,60202,3
"Block Group 1, Census Tract 301.01, Greene County, Virginia",510790301011,1487,879,879,864,15,0,608,51,79,30101,1
"Block Group 2, Census Tract 301.02, Greene County, Virginia",510790301022,567,293,293,293,0,0,274,51,79,30102,2
"Block Group 1, Census Tract 302.01, Greene County, Virginia",510790302011,795,675,675,646,29,0,120,51,79,30201,1
"Block Group 4, Census Tract 302.01, Greene County, Virginia",510790302014,1415,1156,1156,1111,45,0,259,51,79,30201,4
"Block Group 1, Census Tract 8801.01, Greensville County, Virginia",510818801011,886,545,545,545,0,0,341,51,81,880101,1
"Block Group 4, Census Tract 8801.01, Greensville County, Virginia",510818801014,522,265,265,245,20,0,257,51,81,880101,4
"Block Group 2, Census Tract 8802, Greensville County, Virginia",510818802002,1204,752,752,661,91,0,452,51,81,880200,2
"Block Group 2, Census Tract 9303.02, Halifax County, Virginia",510839303022,1529,764,764,764,0,0,765,51,83,930302,2
"Block Group 1, Census Tract 209.09, Chesapeake city, Virginia",515500209091,1132,775,749,663,86,26,357,51,550,20909,1
"Block Group 1, Census Tract 209.11, Chesapeake city, Virginia",515500209111,1510,1231,1144,1144,0,87,279,51,550,20911,1
"Block Group 1, Census Tract 209.12, Chesapeake city, Virginia",515500209121,706,438,438,420,18,0,268,51,550,20912,1
"Block Group 1, Census Tract 210.04, Chesapeake city, Virginia",515500210041,3871,3039,2772,2614,158,267,832,51,550,21004,1
"Block Group 4, Census Tract 210.04, Chesapeake city, Virginia",515500210044,413,333,280,267,13,53,80,51,550,21004,4
"Block Group 3, Census Tract 210.05, Chesapeake city, Virginia",515500210053,1086,708,693,683,10,15,378,51,550,21005,3
"Block Group 1, Census Tract 210.10, Chesapeake city, Virginia",515500210101,2077,1259,1226,1226,0,33,818,51,550,21010,1
"Block Group 1, Census Tract 210.11, Chesapeake city, Virginia",515500210111,2105,1361,1245,1023,222,116,744,51,550,21011,1
"Block Group 2, Census Tract 210.12, Chesapeake city, Virginia",515500210122,1731,1076,1061,1047,14,15,655,51,550,21012,2
"Block Group 2, Census Tract 212, Chesapeake city, Virginia",515500212002,1736,1079,1006,994,12,73,657,51,550,21200,2
"Block Group 2, Census Tract 213.01, Chesapeake city, Virginia",515500213012,1409,935,760,619,141,175,474,51,550,21301,2
"Block Group 1, Census Tract 213.04, Chesapeake city, Virginia",515500213041,2648,2132,1992,1895,97,140,516,51,550,21304,1
"Block Group 1, Census Tract 213.06, Chesapeake city, Virginia",515500213061,1838,1192,1105,1076,29,87,646,51,550,21306,1
"Block Group 2, Census Tract 214.02, Chesapeake city, Virginia",515500214022,888,416,397,397,0,19,472,51,550,21402,2
"Block Group 1, Census Tract 214.03, Chesapeake city, Virginia",515500214031,1063,726,674,659,15,52,337,51,550,21403,1
"Block Group 1, Census Tract 214.05, Chesapeake city, Virginia",515500214051,1193,853,853,717,136,0,340,51,550,21405,1
"Block Group 1, Census Tract 214.07, Chesapeake city, Virginia",515500214071,1277,982,872,846,26,110,295,51,550,21407,1
"Block Group 2, Census Tract 215.03, Chesapeake city, Virginia",515500215032,1515,1152,1026,937,89,126,363,51,550,21503,2
"Block Group 1, Census Tract 215.05, Chesapeake city, Virginia",515500215051,1176,820,751,701,50,69,356,51,550,21505,1
"Block Group 1, Census Tract 215.07, Chesapeake city, Virginia",515500215071,1487,876,855,794,61,21,611,51,550,21507,1
"Block Group 1, Census Tract 216.02, Chesapeake city, Virginia",515500216021,630,448,424,356,68,24,182,51,550,21602,1
"Block Group 4, Census Tract 216.02, Chesapeake city, Virginia",515500216024,774,562,547,547,0,15,212,51,550,21602,4
"Block Group 1, Census Tract 216.04, Chesapeake city, Virginia",515500216041,1345,807,774,742,32,33,538,51,550,21604,1
"Block Group 3, Census Tract 216.05, Chesapeake city, Virginia",515500216053,607,359,340,328,12,19,248,51,550,21605,3
"Block Group 2, Census Tract 602, Covington city, Virginia",515800602002,1146,564,564,562,2,0,582,51,580,60200,2
"Block Group 2, Census Tract 1, Danville city, Virginia",515900001002,1606,642,642,577,65,0,964,51,590,100,2
"Block Group 1, Census Tract 2, Danville city, Virginia",515900002001,759,412,412,381,31,0,347,51,590,200,1
"Block Group 3, Census Tract 2, Danville city, Virginia",515900002003,1343,496,496,459,37,0,847,51,590,200,3
"Block Group 3, Census Tract 3, Danville city, Virginia",515900003003,601,273,273,253,20,0,328,51,590,300,3
"Block Group 3, Census Tract 4, Danville city, Virginia",515900004003,600,229,229,229,0,0,371,51,590,400,3
"Block Group 1, Census Tract 6, Danville city, Virginia",515900006001,541,203,203,203,0,0,338,51,590,600,1
"Block Group 1, Census Tract 7, Danville city, Virginia",515900007001,1451,799,799,761,38,0,652,51,590,700,1
"Block Group 1, Census Tract 8, Danville city, Virginia",515900008001,124,53,53,53,0,0,71,51,590,800,1
"Block Group 3, Census Tract 8, Danville city, Virginia",515900008003,892,508,508,488,20,0,384,51,590,800,3
"Block Group 3, Census Tract 9, Danville city, Virginia",515900009003,529,343,343,316,27,0,186,51,590,900,3
"Block Group 3, Census Tract 10, Danville city, Virginia",515900010003,837,405,405,402,3,0,432,51,590,1000,3
"Block Group 2, Census Tract 12, Danville city, Virginia",515900012002,556,333,324,308,16,9,223,51,590,1200,2
"Block Group 1, Census Tract 14, Danville city, Virginia",515900014001,970,450,450,450,0,0,520,51,590,1400,1
"Block Group 1, Census Tract 8901, Emporia city, Virginia",515958901001,780,649,649,519,130,0,131,51,595,890100,1
"Block Group 3, Census Tract 8901, Emporia city, Virginia",515958901003,856,665,665,466,199,0,191,51,595,890100,3
"Block Group 3, Census Tract 3004, Fairfax city, Virginia",516003004003,1367,994,994,866,128,0,373,51,600,300400,3
"Block Group 2, Census Tract 9304, Halifax County, Virginia",510839304002,1274,627,627,627,0,0,647,51,83,930400,2
"Block Group 1, Census Tract 9305, Halifax County, Virginia",510839305001,824,431,431,425,6,0,393,51,83,930500,1
"Block Group 4, Census Tract 9305, Halifax County, Virginia",510839305004,1309,858,858,838,20,0,451,51,83,930500,4
"Block Group 1, Census Tract 9306.02, Halifax County, Virginia",510839306021,1527,572,572,560,12,0,955,51,83,930602,1
"Block Group 2, Census Tract 9308, Halifax County, Virginia",510839308002,850,471,471,465,6,0,379,51,83,930800,2
"Block Group 2, Census Tract 3201, Hanover County, Virginia",510853201002,1455,885,885,842,43,0,570,51,85,320100,2
"Block Group 1, Census Tract 3202, Hanover County, Virginia",510853202001,1487,1000,1000,987,13,0,487,51,85,320200,1
"Block Group 3, Census Tract 3202, Hanover County, Virginia",510853202003,2082,1407,1407,1352,55,0,675,51,85,320200,3
"Block Group 3, Census Tract 3203, Hanover County, Virginia",510853203003,1658,1131,1131,1091,40,0,527,51,85,320300,3
"Block Group 3, Census Tract 3204, Hanover County, Virginia",510853204003,547,383,383,366,17,0,164,51,85,320400,3
"Block Group 3, Census Tract 3205, Hanover County, Virginia",510853205003,679,426,426,382,44,0,253,51,85,320500,3
"Block Group 3, Census Tract 3206.01, Hanover County, Virginia",510853206013,1321,877,877,841,36,0,444,51,85,320601,3
"Block Group 1, Census Tract 3207.01, Hanover County, Virginia",510853207011,817,509,509,509,0,0,308,51,85,320701,1
"Block Group 2, Census Tract 3207.02, Hanover County, Virginia",510853207022,934,636,636,617,19,0,298,51,85,320702,2
"Block Group 2, Census Tract 3208.03, Hanover County, Virginia",510853208032,1367,1053,1044,1017,27,9,314,51,85,320803,2
"Block Group 1, Census Tract 3210.04, Hanover County, Virginia",510853210041,730,568,568,568,0,0,162,51,85,321004,1
"Block Group 1, Census Tract 3211, Hanover County, Virginia",510853211001,1909,713,713,705,8,0,1196,51,85,321100,1
"Block Group 1, Census Tract 3212.01, Hanover County, Virginia",510853212011,1184,893,893,868,25,0,291,51,85,321201,1
"Block Group 1, Census Tract 3212.02, Hanover County, Virginia",510853212021,731,539,539,539,0,0,192,51,85,321202,1
"Block Group 1, Census Tract 3213, Hanover County, Virginia",510853213001,1916,1269,1269,1239,30,0,647,51,85,321300,1
"Block Group 4, Census Tract 3213, Hanover County, Virginia",510853213004,1078,795,795,777,18,0,283,51,85,321300,4
"Block Group 2, Census Tract 3214.02, Hanover County, Virginia",510853214022,1296,798,798,768,30,0,498,51,85,321402,2
"Block Group 2, Census Tract 2001.06, Henrico County, Virginia",510872001062,1596,1020,1003,954,49,17,576,51,87,200106,2
"Block Group 1, Census Tract 2001.08, Henrico County, Virginia",510872001081,548,209,209,202,7,0,339,51,87,200108,1
"Block Group 2, Census Tract 2001.09, Henrico County, Virginia",510872001092,920,639,639,639,0,0,281,51,87,200109,2
"Block Group 1, Census Tract 2001.22, Henrico County, Virginia",510872001221,1282,919,919,900,19,0,363,51,87,200122,1
"Block Group 1, Census Tract 2001.23, Henrico County, Virginia",510872001231,870,671,671,661,10,0,199,51,87,200123,1
"Block Group 1, Census Tract 2001.24, Henrico County, Virginia",510872001241,756,499,499,493,6,0,257,51,87,200124,1
"Block Group 1, Census Tract 2001.25, Henrico County, Virginia",510872001251,788,476,476,476,0,0,312,51,87,200125,1
"Block Group 4, Census Tract 2001.25, Henrico County, Virginia",510872001254,879,668,668,657,11,0,211,51,87,200125,4
"Block Group 3, Census Tract 2001.34, Henrico County, Virginia",510872001343,1323,955,955,896,59,0,368,51,87,200134,3
"Block Group 1, Census Tract 2001.36, Henrico County, Virginia",510872001361,1748,1021,1021,1021,0,0,727,51,87,200136,1
"Block Group 2, Census Tract 2001.37, Henrico County, Virginia",510872001372,828,553,502,501,1,51,275,51,87,200137,2
"Block Group 3, Census Tract 2001.38, Henrico County, Virginia",510872001383,1369,871,871,871,0,0,498,51,87,200138,3
"Block Group 3, Census Tract 2001.39, Henrico County, Virginia",510872001393,753,441,441,441,0,0,312,51,87,200139,3
"Block Group 1, Census Tract 2001.41, Henrico County, Virginia",510872001411,1247,754,754,711,43,0,493,51,87,200141,1
"Block Group 1, Census Tract 2001.42, Henrico County, Virginia",510872001421,896,737,737,718,19,0,159,51,87,200142,1
"Block Group 1, Census Tract 2001.43, Henrico County, Virginia",510872001431,1676,1180,1180,1180,0,0,496,51,87,200143,1
"Block Group 3, Census Tract 2001.44, Henrico County, Virginia",510872001443,733,678,678,636,42,0,55,51,87,200144,3
"Block Group 1, Census Tract 2001.46, Henrico County, Virginia",510872001461,582,441,441,408,33,0,141,51,87,200146,1
"Block Group 1, Census Tract 2001.47, Henrico County, Virginia",510872001471,1265,1097,1097,1097,0,0,168,51,87,200147,1
"Block Group 3, Census Tract 3005, Fairfax city, Virginia",516003005003,1309,622,622,576,46,0,687,51,600,300500,3
"Block Group 1, Census Tract 5002, Falls Church city, Virginia",516105002001,1012,770,760,726,34,10,242,51,610,500200,1
"Block Group 4, Census Tract 5002, Falls Church city, Virginia",516105002004,1420,1243,1191,1120,71,52,177,51,610,500200,4
"Block Group 2, Census Tract 5003, Falls Church city, Virginia",516105003002,1148,825,825,774,51,0,323,51,610,500300,2
"Block Group 2, Census Tract 901, Franklin city, Virginia",516200901002,1181,702,702,676,26,0,479,51,620,90100,2
"Block Group 1, Census Tract 902, Franklin city, Virginia",516200902001,627,431,431,386,45,0,196,51,620,90200,1
"Block Group 1, Census Tract 1, Fredericksburg city, Virginia",516300001001,1208,918,918,864,54,0,290,51,630,100,1
"Block Group 1, Census Tract 2.01, Fredericksburg city, Virginia",516300002011,1000,477,477,477,0,0,523,51,630,201,1
"Block Group 1, Census Tract 2.02, Fredericksburg city, Virginia",516300002021,637,334,334,334,0,0,303,51,630,202,1
"Block Group 1, Census Tract 3.02, Fredericksburg city, Virginia",516300003021,1260,970,933,903,30,37,290,51,630,302,1
"Block Group 1, Census Tract 4, Fredericksburg city, Virginia",516300004001,864,563,563,527,36,0,301,51,630,400,1
"Block Group 1, Census Tract 5, Fredericksburg city, Virginia",516300005001,1198,1038,1038,988,50,0,160,51,630,500,1
"Block Group 4, Census Tract 5, Fredericksburg city, Virginia",516300005004,2601,1938,1938,1871,67,0,663,51,630,500,4
"Block Group 2, Census Tract 701.01, Galax city, Virginia",516400701012,414,305,305,305,0,0,109,51,640,70101,2
"Block Group 5, Census Tract 101.04, Hampton city, Virginia",516500101045,1093,916,867,856,11,49,177,51,650,10104,5
"Block Group 2, Census Tract 103.04, Hampton city, Virginia",516500103042,2967,2273,2228,1883,345,45,694,51,650,10304,2
"Block Group 1, Census Tract 103.06, Hampton city, Virginia",516500103061,1323,818,737,670,67,81,505,51,650,10306,1
"Block Group 4, Census Tract 103.06, Hampton city, Virginia",516500103064,459,181,153,138,15,28,278,51,650,10306,4
"Block Group 3, Census Tract 103.07, Hampton city, Virginia",516500103073,1372,796,796,715,81,0,576,51,650,10307,3
"Block Group 3, Census Tract 103.09, Hampton city, Virginia",516500103093,1429,1074,905,863,42,169,355,51,650,10309,3
"Block Group 2, Census Tract 103.10, Hampton city, Virginia",516500103102,766,361,361,351,10,0,405,51,650,10310,2
"Block Group 2, Census Tract 103.11, Hampton city, Virginia",516500103112,2018,1470,1454,1367,87,16,548,51,650,10311,2
"Block Group 3, Census Tract 103.12, Hampton city, Virginia",516500103123,755,444,444,424,20,0,311,51,650,10312,3
"Block Group 2, Census Tract 103.15, Hampton city, Virginia",516500103152,1443,1042,962,962,0,80,401,51,650,10315,2
"Block Group 3, Census Tract 103.16, Hampton city, Virginia",516500103163,946,895,795,708,87,100,51,51,650,10316,3
"Block Group 3, Census Tract 104, Hampton city, Virginia",516500104003,2190,1127,1106,1077,29,21,1063,51,650,10400,3
"Block Group 1, Census Tract 105.02, Hampton city, Virginia",516500105021,964,669,646,584,62,23,295,51,650,10502,1
"Block Group 1, Census Tract 105.03, Hampton city, Virginia",516500105031,917,572,572,495,77,0,345,51,650,10503,1
"Block Group 2, Census Tract 105.04, Hampton city, Virginia",516500105042,1773,860,811,768,43,49,913,51,650,10504,2
"Block Group 2, Census Tract 106.01, Hampton city, Virginia",516500106012,810,322,289,289,0,33,488,51,650,10601,2
"Block Group 1, Census Tract 110.02, Hampton city, Virginia",516500110021,1002,932,932,852,80,0,70,51,650,11002,1
"Block Group 1, Census Tract 112, Hampton city, Virginia",516500112001,946,643,610,576,34,33,303,51,650,11200,1
"Block Group 1, Census Tract 113, Hampton city, Virginia",516500113001,1006,699,693,623,70,6,307,51,650,11300,1
"Block Group 1, Census Tract 114, Hampton city, Virginia",516500114001,2725,838,838,651,187,0,1887,51,650,11400,1
"Block Group 3, Census Tract 115, Hampton city, Virginia",516500115003,800,615,615,596,19,0,185,51,650,11500,3
"Block Group 2, Census Tract 116, Hampton city, Virginia",516500116002,771,583,509,499,10,74,188,51,650,11600,2
"Block Group 2, Census Tract 118, Hampton city, Virginia",516500118002,345,237,237,204,33,0,108,51,650,11800,2
"Block Group 5, Census Tract 118, Hampton city, Virginia",516500118005,230,143,137,137,0,6,87,51,650,11800,5
"Block Group 2, Census Tract 119, Hampton city, Virginia",516500119002,668,454,454,388,66,0,214,51,650,11900,2
"Block Group 1, Census Tract 120, Hampton city, Virginia",516500120001,1710,1088,995,951,44,93,622,51,650,12000,1
"Block Group 2, Census Tract 121, Hampton city, Virginia",516500121002,2183,1235,1064,1044,20,171,948,51,650,12100,2
"Block Group 1, Census Tract 2001.48, Henrico County, Virginia",510872001481,1875,1537,1537,1513,24,0,338,51,87,200148,1
"Block Group 1, Census Tract 2001.49, Henrico County, Virginia",510872001491,782,578,578,578,0,0,204,51,87,200149,1
"Block Group 4, Census Tract 2001.49, Henrico County, Virginia",510872001494,1252,701,701,687,14,0,551,51,87,200149,4
"Block Group 3, Census Tract 2001.50, Henrico County, Virginia",510872001503,336,234,234,234,0,0,102,51,87,200150,3
"Block Group 2, Census Tract 2003.01, Henrico County, Virginia",510872003012,894,530,530,518,12,0,364,51,87,200301,2
"Block Group 3, Census Tract 2003.02, Henrico County, Virginia",510872003023,938,787,787,759,28,0,151,51,87,200302,3
"Block Group 1, Census Tract 2003.05, Henrico County, Virginia",510872003051,842,503,503,481,22,0,339,51,87,200305,1
"Block Group 1, Census Tract 2004.04, Henrico County, Virginia",510872004041,1166,948,948,854,94,0,218,51,87,200404,1
"Block Group 1, Census Tract 2004.07, Henrico County, Virginia",510872004071,1790,1333,1333,1286,47,0,457,51,87,200407,1
"Block Group 4, Census Tract 2004.07, Henrico County, Virginia",510872004074,1345,1090,1090,1090,0,0,255,51,87,200407,4
"Block Group 2, Census Tract 2004.11, Henrico County, Virginia",510872004112,791,756,756,756,0,0,35,51,87,200411,2
"Block Group 4, Census Tract 2004.11, Henrico County, Virginia",510872004114,906,749,749,709,40,0,157,51,87,200411,4
"Block Group 2, Census Tract 2004.12, Henrico County, Virginia",510872004122,987,855,841,802,39,14,132,51,87,200412,2
"Block Group 3, Census Tract 2004.13, Henrico County, Virginia",510872004133,1005,627,627,622,5,0,378,51,87,200413,3
"Block Group 3, Census Tract 2004.14, Henrico County, Virginia",510872004143,1557,1228,1228,1177,51,0,329,51,87,200414,3
"Block Group 3, Census Tract 2004.15, Henrico County, Virginia",510872004153,465,346,346,310,36,0,119,51,87,200415,3
"Block Group 3, Census Tract 2004.16, Henrico County, Virginia",510872004163,725,460,460,431,29,0,265,51,87,200416,3
"Block Group 2, Census Tract 2004.17, Henrico County, Virginia",510872004172,526,317,317,288,29,0,209,51,87,200417,2
"Block Group 1, Census Tract 2004.18, Henrico County, Virginia",510872004181,893,648,648,536,112,0,245,51,87,200418,1
"Block Group 4, Census Tract 2007, Henrico County, Virginia",510872007004,728,371,371,371,0,0,357,51,87,200700,4
"Block Group 3, Census Tract 2008.01, Henrico County, Virginia",510872008013,1023,772,772,710,62,0,251,51,87,200801,3
"Block Group 1, Census Tract 2008.05, Henrico County, Virginia",510872008051,506,256,256,247,9,0,250,51,87,200805,1
"Block Group 4, Census Tract 2008.05, Henrico County, Virginia",510872008054,568,404,404,383,21,0,164,51,87,200805,4
"Block Group 2, Census Tract 2008.07, Henrico County, Virginia",510872008072,388,270,270,270,0,0,118,51,87,200807,2
"Block Group 1, Census Tract 2009.04, Henrico County, Virginia",510872009041,982,493,493,491,2,0,489,51,87,200904,1
"Block Group 4, Census Tract 2009.04, Henrico County, Virginia",510872009044,1618,716,716,716,0,0,902,51,87,200904,4
"Block Group 3, Census Tract 2009.05, Henrico County, Virginia",510872009053,826,598,583,563,20,15,228,51,87,200905,3
"Block Group 2, Census Tract 2009.06, Henrico County, Virginia",510872009062,1535,1180,1180,1180,0,0,355,51,87,200906,2
"Block Group 3, Census Tract 2009.07, Henrico County, Virginia",510872009073,2030,1300,1300,1274,26,0,730,51,87,200907,3
"Block Group 1, Census Tract 2010.01, Henrico County, Virginia",510872010011,1294,942,942,850,92,0,352,51,87,201001,1
"Block Group 4, Census Tract 2010.01, Henrico County, Virginia",510872010014,1632,1094,1094,1094,0,0,538,51,87,201001,4
"Block Group 3, Census Tract 2010.02, Henrico County, Virginia",510872010023,651,477,477,436,41,0,174,51,87,201002,3
"Block Group 2, Census Tract 2010.03, Henrico County, Virginia",510872010032,2114,1401,1401,1370,31,0,713,51,87,201003,2
"Block Group 2, Census Tract 2011.02, Henrico County, Virginia",510872011022,1497,1171,1171,1142,29,0,326,51,87,201102,2
"Block Group 2, Census Tract 2012.06, Henrico County, Virginia",510872012062,892,645,645,595,50,0,247,51,87,201206,2
"Block Group 3, Census Tract 2014.03, Henrico County, Virginia",510872014033,1715,1050,1050,1001,49,0,665,51,87,201403,3
"Block Group 1, Census Tract 2014.04, Henrico County, Virginia",510872014041,2182,1391,1391,1293,98,0,791,51,87,201404,1
"Block Group 1, Census Tract 2014.05, Henrico County, Virginia",510872014051,1980,1088,1088,1088,0,0,892,51,87,201405,1
"Block Group 3, Census Tract 2014.06, Henrico County, Virginia",510872014063,592,213,213,206,7,0,379,51,87,201406,3
"Block Group 2, Census Tract 2015.02, Henrico County, Virginia",510872015022,2061,1750,1750,1630,120,0,311,51,87,201502,2
"Block Group 2, Census Tract 2015.03, Henrico County, Virginia",510872015032,1152,867,867,848,19,0,285,51,87,201503,2
"Block Group 0, Census Tract 9901, Hampton city, Virginia",516509901000,0,0,0,0,0,0,0,51,650,990100,0
"Block Group 3, Census Tract 1.01, Harrisonburg city, Virginia",516600001013,819,678,678,660,18,0,141,51,660,101,3
"Block Group 2, Census Tract 1.02, Harrisonburg city, Virginia",516600001022,1831,1412,1412,1412,0,0,419,51,660,102,2
"Block Group 1, Census Tract 2.04, Harrisonburg city, Virginia",516600002041,1402,438,410,410,0,28,964,51,660,204,1
"Block Group 4, Census Tract 2.04, Harrisonburg city, Virginia",516600002044,626,477,477,466,11,0,149,51,660,204,4
"Block Group 1, Census Tract 4.02, Harrisonburg city, Virginia",516600004021,1854,1474,1474,1447,27,0,380,51,660,402,1
"Block Group 4, Census Tract 4.02, Harrisonburg city, Virginia",516600004024,1343,873,873,810,63,0,470,51,660,402,4
"Block Group 1, Census Tract 8203, Hopewell city, Virginia",516708203001,509,245,245,240,5,0,264,51,670,820300,1
"Block Group 2, Census Tract 8204, Hopewell city, Virginia",516708204002,1203,524,506,506,0,18,679,51,670,820400,2
"Block Group 1, Census Tract 8205, Hopewell city, Virginia",516708205001,658,355,355,335,20,0,303,51,670,820500,1
"Block Group 4, Census Tract 8205, Hopewell city, Virginia",516708205004,1085,800,800,441,359,0,285,51,670,820500,4
"Block Group 2, Census Tract 8206, Hopewell city, Virginia",516708206002,747,319,319,310,9,0,428,51,670,820600,2
"Block Group 5, Census Tract 8206, Hopewell city, Virginia",516708206005,958,444,444,444,0,0,514,51,670,820600,5
"Block Group 1, Census Tract 9305.01, Lexington city, Virginia",516789305011,351,205,205,205,0,0,146,51,678,930501,1
"Block Group 4, Census Tract 9305.01, Lexington city, Virginia",516789305014,732,339,339,339,0,0,393,51,678,930501,4
"Block Group 1, Census Tract 1, Lynchburg city, Virginia",516800001001,1302,458,458,458,0,0,844,51,680,100,1
"Block Group 1, Census Tract 2.01, Lynchburg city, Virginia",516800002011,749,342,342,320,22,0,407,51,680,201,1
"Block Group 4, Census Tract 2.01, Lynchburg city, Virginia",516800002014,1521,964,899,899,0,65,557,51,680,201,4
"Block Group 2, Census Tract 2.04, Lynchburg city, Virginia",516800002042,1621,1184,1184,1106,78,0,437,51,680,204,2
"Block Group 1, Census Tract 3, Lynchburg city, Virginia",516800003001,860,535,515,457,58,20,325,51,680,300,1
"Block Group 2, Census Tract 9.01, Lynchburg city, Virginia",516800009012,1166,712,712,712,0,0,454,51,680,901,2
"Block Group 2, Census Tract 9.02, Lynchburg city, Virginia",516800009022,1573,1157,1157,1025,132,0,416,51,680,902,2
"Block Group 3, Census Tract 10, Lynchburg city, Virginia",516800010003,547,373,373,368,5,0,174,51,680,1000,3
"Block Group 1, Census Tract 14, Lynchburg city, Virginia",516800014001,903,294,294,244,50,0,609,51,680,1400,1
"Block Group 1, Census Tract 16.01, Lynchburg city, Virginia",516800016011,763,456,456,456,0,0,307,51,680,1601,1
"Block Group 2, Census Tract 16.02, Lynchburg city, Virginia",516800016022,2137,1303,1303,1288,15,0,834,51,680,1602,2
"Block Group 1, Census Tract 17, Lynchburg city, Virginia",516800017001,681,343,343,264,79,0,338,51,680,1700,1
"Block Group 3, Census Tract 17, Lynchburg city, Virginia",516800017003,347,200,200,200,0,0,147,51,680,1700,3
"Block Group 1, Census Tract 18, Lynchburg city, Virginia",516800018001,1177,776,776,765,11,0,401,51,680,1800,1
"Block Group 2, Census Tract 19, Lynchburg city, Virginia",516800019002,771,540,515,482,33,25,231,51,680,1900,2
"Block Group 1, Census Tract 9101, Manassas city, Virginia",516839101001,1983,1709,1709,1607,102,0,274,51,683,910100,1
"Block Group 1, Census Tract 9102.01, Manassas city, Virginia",516839102011,1189,823,823,823,0,0,366,51,683,910201,1
"Block Group 4, Census Tract 9102.01, Manassas city, Virginia",516839102014,566,388,388,366,22,0,178,51,683,910201,4
"Block Group 3, Census Tract 9102.02, Manassas city, Virginia",516839102023,1368,735,735,735,0,0,633,51,683,910202,3
"Block Group 2, Census Tract 9103.01, Manassas city, Virginia",516839103012,1543,1197,1197,1184,13,0,346,51,683,910301,2
"Block Group 2, Census Tract 9103.02, Manassas city, Virginia",516839103022,1424,938,938,938,0,0,486,51,683,910302,2
"Block Group 1, Census Tract 9202.01, Manassas Park city, Virginia",516859202011,1458,1299,1299,1299,0,0,159,51,685,920201,1
"Block Group 3, Census Tract 9202.02, Manassas Park city, Virginia",516859202023,1319,1149,1149,1149,0,0,170,51,685,920202,3
"Block Group 1, Census Tract 2, Martinsville city, Virginia",516900002001,555,238,238,221,17,0,317,51,690,200,1
"Block Group 1, Census Tract 3, Martinsville city, Virginia",516900003001,770,526,526,526,0,0,244,51,690,300,1
"Block Group 3, Census Tract 3, Martinsville city, Virginia",516900003003,791,597,597,593,4,0,194,51,690,300,3
"Block Group 2, Census Tract 2015.04, Henrico County, Virginia",510872015042,886,219,219,219,0,0,667,51,87,201504,2
"Block Group 2, Census Tract 2016.01, Henrico County, Virginia",510872016012,1647,1131,1131,1115,16,0,516,51,87,201601,2
"Block Group 3, Census Tract 2016.02, Henrico County, Virginia",510872016023,1785,1283,1283,1246,37,0,502,51,87,201602,3
"Block Group 2, Census Tract 2017.01, Henrico County, Virginia",510872017012,1179,850,850,804,46,0,329,51,87,201701,2
"Block Group 1, Census Tract 101, Henry County, Virginia",510890101001,562,341,341,271,70,0,221,51,89,10100,1
"Block Group 4, Census Tract 101, Henry County, Virginia",510890101004,1346,846,846,663,183,0,500,51,89,10100,4
"Block Group 3, Census Tract 102, Henry County, Virginia",510890102003,881,647,647,613,34,0,234,51,89,10200,3
"Block Group 1, Census Tract 103, Henry County, Virginia",510890103001,849,576,576,527,49,0,273,51,89,10300,1
"Block Group 4, Census Tract 103, Henry County, Virginia",510890103004,1029,575,575,575,0,0,454,51,89,10300,4
"Block Group 4, Census Tract 107, Henry County, Virginia",510890107004,802,388,388,380,8,0,414,51,89,10700,4
"Block Group 3, Census Tract 108, Henry County, Virginia",510890108003,676,354,354,354,0,0,322,51,89,10800,3
"Block Group 1, Census Tract 110, Henry County, Virginia",510890110001,1279,327,327,309,18,0,952,51,89,11000,1
"Block Group 3, Census Tract 110, Henry County, Virginia",510890110003,1454,710,710,682,28,0,744,51,89,11000,3
"Block Group 3, Census Tract 111, Henry County, Virginia",510890111003,900,459,459,399,60,0,441,51,89,11100,3
"Block Group 3, Census Tract 112, Henry County, Virginia",510890112003,1310,445,445,445,0,0,865,51,89,11200,3
"Block Group 3, Census Tract 113, Henry County, Virginia",510890113003,1154,710,710,693,17,0,444,51,89,11300,3
"Block Group 3, Census Tract 9701, Highland County, Virginia",510919701003,744,310,310,310,0,0,434,51,91,970100,3
"Block Group 1, Census Tract 2801.04, Isle of Wight County, Virginia",510932801041,950,499,492,462,30,7,451,51,93,280104,1
"Block Group 1, Census Tract 2801.05, Isle of Wight County, Virginia",510932801051,1815,1233,1233,1127,106,0,582,51,93,280105,1
"Block Group 1, Census Tract 2801.06, Isle of Wight County, Virginia",510932801061,1752,1128,1074,1034,40,54,624,51,93,280106,1
"Block Group 2, Census Tract 2801.07, Isle of Wight County, Virginia",510932801072,1156,762,725,593,132,37,394,51,93,280107,2
"Block Group 1, Census Tract 2802, Isle of Wight County, Virginia",510932802001,607,426,426,412,14,0,181,51,93,280200,1
"Block Group 4, Census Tract 2802, Isle of Wight County, Virginia",510932802004,922,629,625,606,19,4,293,51,93,280200,4
"Block Group 3, Census Tract 2803, Isle of Wight County, Virginia",510932803003,1051,634,624,614,10,10,417,51,93,280300,3
"Block Group 3, Census Tract 2804, Isle of Wight County, Virginia",510932804003,692,452,437,379,58,15,240,51,93,280400,3
"Block Group 3, Census Tract 802.05, James City County, Virginia",510950802053,1544,710,678,655,23,32,834,51,95,80205,3
"Block Group 3, Census Tract 802.07, James City County, Virginia",510950802073,1295,461,461,418,43,0,834,51,95,80207,3
"Block Group 1, Census Tract 802.09, James City County, Virginia",510950802091,734,573,573,573,0,0,161,51,95,80209,1
"Block Group 2, Census Tract 803.04, James City County, Virginia",510950803042,1570,823,794,771,23,29,747,51,95,80304,2
"Block Group 2, Census Tract 803.05, James City County, Virginia",510950803052,1648,1158,1108,1108,0,50,490,51,95,80305,2
"Block Group 2, Census Tract 803.06, James City County, Virginia",510950803062,1686,1089,1079,1079,0,10,597,51,95,80306,2
"Block Group 3, Census Tract 803.07, James City County, Virginia",510950803073,1094,669,669,669,0,0,425,51,95,80307,3
"Block Group 1, Census Tract 804.02, James City County, Virginia",510950804021,1981,1316,1255,1209,46,61,665,51,95,80402,1
"Block Group 4, Census Tract 804.02, James City County, Virginia",510950804024,2614,1876,1876,1818,58,0,738,51,95,80402,4
"Block Group 3, Census Tract 804.03, James City County, Virginia",510950804033,1084,783,743,666,77,40,301,51,95,80403,3
"Block Group 1, Census Tract 9504, King and Queen County, Virginia",510979504001,1581,1075,1075,1075,0,0,506,51,97,950400,1
"Block Group 1, Census Tract 9505, King and Queen County, Virginia",510979505001,438,218,218,211,7,0,220,51,97,950500,1
"Block Group 2, Census Tract 401, King George County, Virginia",510990401002,1612,1045,1025,965,60,20,567,51,99,40100,2
"Block Group 2, Census Tract 402, King George County, Virginia",510990402002,791,558,558,558,0,0,233,51,99,40200,2
"Block Group 1, Census Tract 9502, King William County, Virginia",511019502001,1040,706,706,611,95,0,334,51,101,950200,1
"Block Group 2, Census Tract 9503, King William County, Virginia",511019503002,1189,870,870,870,0,0,319,51,101,950300,2
"Block Group 3, Census Tract 4, Martinsville city, Virginia",516900004003,505,283,283,262,21,0,222,51,690,400,3
"Block Group 3, Census Tract 5, Martinsville city, Virginia",516900005003,667,353,353,318,35,0,314,51,690,500,3
"Block Group 2, Census Tract 301, Newport News city, Virginia",517000301002,0,0,0,0,0,0,0,51,700,30100,2
"Block Group 1, Census Tract 303, Newport News city, Virginia",517000303001,1449,945,930,851,79,15,504,51,700,30300,1
"Block Group 4, Census Tract 303, Newport News city, Virginia",517000303004,710,515,515,515,0,0,195,51,700,30300,4
"Block Group 2, Census Tract 304, Newport News city, Virginia",517000304002,1342,1050,1050,984,66,0,292,51,700,30400,2
"Block Group 1, Census Tract 306, Newport News city, Virginia",517000306001,565,408,408,377,31,0,157,51,700,30600,1
"Block Group 2, Census Tract 308, Newport News city, Virginia",517000308002,481,352,343,308,35,9,129,51,700,30800,2
"Block Group 2, Census Tract 309, Newport News city, Virginia",517000309002,973,564,553,536,17,11,409,51,700,30900,2
"Block Group 3, Census Tract 311, Newport News city, Virginia",517000311003,1379,739,664,651,13,75,640,51,700,31100,3
"Block Group 1, Census Tract 313, Newport News city, Virginia",517000313001,1214,671,671,561,110,0,543,51,700,31300,1
"Block Group 3, Census Tract 316.04, Newport News city, Virginia",517000316043,616,405,405,363,42,0,211,51,700,31604,3
"Block Group 1, Census Tract 317.02, Newport News city, Virginia",517000317021,865,631,631,593,38,0,234,51,700,31702,1
"Block Group 3, Census Tract 317.02, Newport News city, Virginia",517000317023,1037,561,561,510,51,0,476,51,700,31702,3
"Block Group 1, Census Tract 319.01, Newport News city, Virginia",517000319011,1734,1266,1235,1195,40,31,468,51,700,31901,1
"Block Group 2, Census Tract 319.02, Newport News city, Virginia",517000319022,917,614,581,570,11,33,303,51,700,31902,2
"Block Group 2, Census Tract 320.01, Newport News city, Virginia",517000320012,1066,655,655,615,40,0,411,51,700,32001,2
"Block Group 3, Census Tract 320.02, Newport News city, Virginia",517000320023,1046,736,709,685,24,27,310,51,700,32002,3
"Block Group 2, Census Tract 320.05, Newport News city, Virginia",517000320052,877,628,611,592,19,17,249,51,700,32005,2
"Block Group 3, Census Tract 320.06, Newport News city, Virginia",517000320063,335,255,249,200,49,6,80,51,700,32006,3
"Block Group 3, Census Tract 320.07, Newport News city, Virginia",517000320073,1645,1004,971,926,45,33,641,51,700,32007,3
"Block Group 3, Census Tract 321.13, Newport News city, Virginia",517000321133,194,181,153,129,24,28,13,51,700,32113,3
"Block Group 2, Census Tract 321.17, Newport News city, Virginia",517000321172,1387,544,544,544,0,0,843,51,700,32117,2
"Block Group 2, Census Tract 321.23, Newport News city, Virginia",517000321232,1482,1211,1179,1126,53,32,271,51,700,32123,2
"Block Group 2, Census Tract 321.24, Newport News city, Virginia",517000321242,1322,1127,868,855,13,259,195,51,700,32124,2
"Block Group 3, Census Tract 321.32, Newport News city, Virginia",517000321323,551,425,418,418,0,7,126,51,700,32132,3
"Block Group 1, Census Tract 321.33, Newport News city, Virginia",517000321331,519,329,309,309,0,20,190,51,700,32133,1
"Block Group 2, Census Tract 321.34, Newport News city, Virginia",517000321342,1564,1170,1137,1059,78,33,394,51,700,32134,2
"Block Group 3, Census Tract 322.11, Newport News city, Virginia",517000322113,1813,1418,1225,988,237,193,395,51,700,32211,3
"Block Group 2, Census Tract 322.12, Newport News city, Virginia",517000322122,888,377,321,321,0,56,511,51,700,32212,2
"Block Group 2, Census Tract 322.23, Newport News city, Virginia",517000322232,502,405,405,380,25,0,97,51,700,32223,2
"Block Group 2, Census Tract 322.25, Newport News city, Virginia",517000322252,671,338,338,325,13,0,333,51,700,32225,2
"Block Group 2, Census Tract 322.26, Newport News city, Virginia",517000322262,911,636,636,563,73,0,275,51,700,32226,2
"Block Group 2, Census Tract 322.27, Newport News city, Virginia",517000322272,1216,1066,883,883,0,183,150,51,700,32227,2
"Block Group 2, Census Tract 322.28, Newport News city, Virginia",517000322282,953,668,668,621,47,0,285,51,700,32228,2
"Block Group 3, Census Tract 323, Newport News city, Virginia",517000323003,851,563,325,281,44,238,288,51,700,32300,3
"Block Group 1, Census Tract 324, Newport News city, Virginia",517000324001,1213,896,880,773,107,16,317,51,700,32400,1
"Block Group 1, Census Tract 1, Norfolk city, Virginia",517100001001,679,456,420,384,36,36,223,51,710,100,1
"Block Group 2, Census Tract 2.01, Norfolk city, Virginia",517100002012,1120,812,701,628,73,111,308,51,710,201,2
"Block Group 3, Census Tract 2.02, Norfolk city, Virginia",517100002023,793,685,457,457,0,228,108,51,710,202,3
"Block Group 1, Census Tract 7, Norfolk city, Virginia",517100007001,791,629,557,526,31,72,162,51,710,700,1
"Block Group 1, Census Tract 3.01, Harrisonburg city, Virginia",516600003011,1581,1161,1161,1104,57,0,420,51,660,301,1
"Block Group 2, Census Tract 901.01, Accomack County, Virginia",510010901012,935,631,609,534,75,22,304,51,1,90101,2
"Block Group 1, Census Tract 902.01, Accomack County, Virginia",510010902011,1081,461,447,447,0,14,620,51,1,90201,1
"Block Group 2, Census Tract 902.02, Accomack County, Virginia",510010902022,1446,688,628,611,17,60,758,51,1,90202,2
"Block Group 2, Census Tract 903, Accomack County, Virginia",510010903002,687,286,286,267,19,0,401,51,1,90300,2
"Block Group 2, Census Tract 904.01, Accomack County, Virginia",510010904012,1024,646,646,646,0,0,378,51,1,90401,2
"Block Group 1, Census Tract 905, Accomack County, Virginia",510010905001,475,292,292,292,0,0,183,51,1,90500,1
"Block Group 1, Census Tract 906, Accomack County, Virginia",510010906001,430,250,250,244,6,0,180,51,1,90600,1
"Block Group 4, Census Tract 906, Accomack County, Virginia",510010906004,932,565,565,565,0,0,367,51,1,90600,4
"Block Group 3, Census Tract 907, Accomack County, Virginia",510010907003,355,195,195,195,0,0,160,51,1,90700,3
"Block Group 5, Census Tract 907, Accomack County, Virginia",510010907005,1455,901,901,852,49,0,554,51,1,90700,5
"Block Group 3, Census Tract 908, Accomack County, Virginia",510010908003,859,495,495,495,0,0,364,51,1,90800,3
"Block Group 0, Census Tract 9901, Accomack County, Virginia",510019901000,0,0,0,0,0,0,0,51,1,990100,0
"Block Group 3, Census Tract 301, Lancaster County, Virginia",511030301003,520,206,206,206,0,0,314,51,103,30100,3
"Block Group 2, Census Tract 302, Lancaster County, Virginia",511030302002,1266,655,655,649,6,0,611,51,103,30200,2
"Block Group 1, Census Tract 303.01, Lancaster County, Virginia",511030303011,868,480,480,476,4,0,388,51,103,30301,1
"Block Group 1, Census Tract 303.02, Lancaster County, Virginia",511030303021,609,252,252,252,0,0,357,51,103,30302,1
"Block Group 1, Census Tract 9501, Lee County, Virginia",511059501001,223,63,63,59,4,0,160,51,105,950100,1
"Block Group 4, Census Tract 9501, Lee County, Virginia",511059501004,474,246,246,246,0,0,228,51,105,950100,4
"Block Group 2, Census Tract 9502, Lee County, Virginia",511059502002,851,440,440,419,21,0,411,51,105,950200,2
"Block Group 1, Census Tract 9503.01, Lee County, Virginia",511059503011,945,277,277,263,14,0,668,51,105,950301,1
"Block Group 2, Census Tract 9503.02, Lee County, Virginia",511059503022,1771,218,218,194,24,0,1553,51,105,950302,2
"Block Group 3, Census Tract 9504, Lee County, Virginia",511059504003,926,469,469,450,19,0,457,51,105,950400,3
"Block Group 3, Census Tract 9505, Lee County, Virginia",511059505003,1067,639,639,523,116,0,428,51,105,950500,3
"Block Group 1, Census Tract 9506, Lee County, Virginia",511059506001,964,502,502,502,0,0,462,51,105,950600,1
"Block Group 4, Census Tract 9506, Lee County, Virginia",511059506004,544,442,442,442,0,0,102,51,105,950600,4
"Block Group 1, Census Tract 6101.02, Loudoun County, Virginia",511076101021,1051,749,749,711,38,0,302,51,107,610102,1
"Block Group 1, Census Tract 6105.04, Loudoun County, Virginia",511076105041,2100,1740,1740,1720,20,0,360,51,107,610504,1
"Block Group 4, Census Tract 6105.04, Loudoun County, Virginia",511076105044,1663,1309,1309,1295,14,0,354,51,107,610504,4
"Block Group 3, Census Tract 6105.05, Loudoun County, Virginia",511076105053,2535,2124,2124,1906,218,0,411,51,107,610505,3
"Block Group 2, Census Tract 6105.06, Loudoun County, Virginia",511076105062,1708,1383,1383,1349,34,0,325,51,107,610506,2
"Block Group 2, Census Tract 6105.07, Loudoun County, Virginia",511076105072,1090,534,534,498,36,0,556,51,107,610507,2
"Block Group 1, Census Tract 6106.01, Loudoun County, Virginia",511076106011,1501,940,914,892,22,26,561,51,107,610601,1
"Block Group 4, Census Tract 6106.01, Loudoun County, Virginia",511076106014,1334,1018,1018,952,66,0,316,51,107,610601,4
"Block Group 1, Census Tract 6106.03, Loudoun County, Virginia",511076106031,1939,1332,1332,1260,72,0,607,51,107,610603,1
"Block Group 2, Census Tract 6106.04, Loudoun County, Virginia",511076106042,1762,1352,1324,1297,27,28,410,51,107,610604,2
"Block Group 1, Census Tract 6107.01, Loudoun County, Virginia",511076107011,1890,1371,1363,1340,23,8,519,51,107,610701,1
"Block Group 2, Census Tract 6107.02, Loudoun County, Virginia",511076107022,2348,1581,1581,1549,32,0,767,51,107,610702,2
"Block Group 2, Census Tract 6107.03, Loudoun County, Virginia",511076107032,1666,1017,1017,972,45,0,649,51,107,610703,2
"Block Group 2, Census Tract 6108, Loudoun County, Virginia",511076108002,938,731,731,690,41,0,207,51,107,610800,2
"Block Group 1, Census Tract 6109, Loudoun County, Virginia",511076109001,758,444,442,439,3,2,314,51,107,610900,1
"Block Group 2, Census Tract 6110.02, Loudoun County, Virginia",511076110022,1076,897,886,860,26,11,179,51,107,611002,2
"Block Group 2, Census Tract 6110.10, Loudoun County, Virginia",511076110102,1293,231,231,224,7,0,1062,51,107,611010,2
"Block Group 1, Census Tract 6110.12, Loudoun County, Virginia",511076110121,1407,1111,1101,1044,57,10,296,51,107,611012,1
"Block Group 2, Census Tract 6110.13, Loudoun County, Virginia",511076110132,2454,1776,1763,1732,31,13,678,51,107,611013,2
"Block Group 1, Census Tract 6110.15, Loudoun County, Virginia",511076110151,1759,1274,1268,1231,37,6,485,51,107,611015,1
"Block Group 2, Census Tract 6110.16, Loudoun County, Virginia",511076110162,1699,838,838,838,0,0,861,51,107,611016,2
"Block Group 2, Census Tract 6110.17, Loudoun County, Virginia",511076110172,1117,697,685,667,18,12,420,51,107,611017,2
"Block Group 2, Census Tract 6110.18, Loudoun County, Virginia",511076110182,1468,102,102,102,0,0,1366,51,107,611018,2
"Block Group 2, Census Tract 6110.19, Loudoun County, Virginia",511076110192,1024,664,664,649,15,0,360,51,107,611019,2
"Block Group 2, Census Tract 6110.20, Loudoun County, Virginia",511076110202,0,0,0,0,0,0,0,51,107,611020,2
"Block Group 5, Census Tract 6110.20, Loudoun County, Virginia",511076110205,1227,1111,1111,1067,44,0,116,51,107,611020,5
"Block Group 2, Census Tract 6110.22, Loudoun County, Virginia",511076110222,1267,1020,1011,1011,0,9,247,51,107,611022,2
"Block Group 1, Census Tract 6110.23, Loudoun County, Virginia",511076110231,2012,1659,1659,1592,67,0,353,51,107,611023,1
"Block Group 2, Census Tract 8, Norfolk city, Virginia",517100008002,703,559,495,479,16,64,144,51,710,800,2
"Block Group 2, Census Tract 9.01, Norfolk city, Virginia",517100009012,790,708,266,259,7,442,82,51,710,901,2
"Block Group 5, Census Tract 9.01, Norfolk city, Virginia",517100009015,1783,1658,222,203,19,1436,125,51,710,901,5
"Block Group 2, Census Tract 11, Norfolk city, Virginia",517100011002,511,372,357,312,45,15,139,51,710,1100,2
"Block Group 3, Census Tract 12, Norfolk city, Virginia",517100012003,669,372,330,277,53,42,297,51,710,1200,3
"Block Group 1, Census Tract 14, Norfolk city, Virginia",517100014001,945,349,284,284,0,65,596,51,710,1400,1
"Block Group 1, Census Tract 15, Norfolk city, Virginia",517100015001,369,292,275,271,4,17,77,51,710,1500,1
"Block Group 1, Census Tract 16, Norfolk city, Virginia",517100016001,853,425,388,348,40,37,428,51,710,1600,1
"Block Group 2, Census Tract 17, Norfolk city, Virginia",517100017002,721,514,479,451,28,35,207,51,710,1700,2
"Block Group 1, Census Tract 22, Norfolk city, Virginia",517100022001,838,595,511,508,3,84,243,51,710,2200,1
"Block Group 2, Census Tract 23, Norfolk city, Virginia",517100023002,736,500,414,381,33,86,236,51,710,2300,2
"Block Group 3, Census Tract 24, Norfolk city, Virginia",517100024003,962,612,576,552,24,36,350,51,710,2400,3
"Block Group 1, Census Tract 26, Norfolk city, Virginia",517100026001,2141,1113,1102,986,116,11,1028,51,710,2600,1
"Block Group 3, Census Tract 26, Norfolk city, Virginia",517100026003,632,549,544,533,11,5,83,51,710,2600,3
"Block Group 3, Census Tract 27, Norfolk city, Virginia",517100027003,1010,704,682,613,69,22,306,51,710,2700,3
"Block Group 3, Census Tract 28, Norfolk city, Virginia",517100028003,920,637,609,601,8,28,283,51,710,2800,3
"Block Group 1, Census Tract 35.01, Norfolk city, Virginia",517100035011,396,254,254,161,93,0,142,51,710,3501,1
"Block Group 4, Census Tract 35.01, Norfolk city, Virginia",517100035014,481,239,232,210,22,7,242,51,710,3501,4
"Block Group 2, Census Tract 37, Norfolk city, Virginia",517100037002,1358,1137,1033,970,63,104,221,51,710,3700,2
"Block Group 3, Census Tract 38, Norfolk city, Virginia",517100038003,733,578,557,539,18,21,155,51,710,3800,3
"Block Group 2, Census Tract 40.02, Norfolk city, Virginia",517100040022,443,246,226,226,0,20,197,51,710,4002,2
"Block Group 1, Census Tract 42, Norfolk city, Virginia",517100042001,373,139,139,139,0,0,234,51,710,4200,1
"Block Group 1, Census Tract 43, Norfolk city, Virginia",517100043001,1042,558,558,469,89,0,484,51,710,4300,1
"Block Group 4, Census Tract 43, Norfolk city, Virginia",517100043004,233,191,191,124,67,0,42,51,710,4300,4
"Block Group 3, Census Tract 44, Norfolk city, Virginia",517100044003,521,441,441,441,0,0,80,51,710,4400,3
"Block Group 2, Census Tract 46, Norfolk city, Virginia",517100046002,542,249,249,191,58,0,293,51,710,4600,2
"Block Group 1, Census Tract 48, Norfolk city, Virginia",517100048001,964,595,595,503,92,0,369,51,710,4800,1
"Block Group 1, Census Tract 49, Norfolk city, Virginia",517100049001,1717,1082,927,927,0,155,635,51,710,4900,1
"Block Group 1, Census Tract 50, Norfolk city, Virginia",517100050001,690,509,478,465,13,31,181,51,710,5000,1
"Block Group 1, Census Tract 51, Norfolk city, Virginia",517100051001,584,352,352,331,21,0,232,51,710,5100,1
"Block Group 4, Census Tract 51, Norfolk city, Virginia",517100051004,260,208,208,193,15,0,52,51,710,5100,4
"Block Group 3, Census Tract 55, Norfolk city, Virginia",517100055003,789,593,514,491,23,79,196,51,710,5500,3
"Block Group 2, Census Tract 59.01, Norfolk city, Virginia",517100059012,1264,872,872,838,34,0,392,51,710,5901,2
"Block Group 1, Census Tract 59.02, Norfolk city, Virginia",517100059021,702,476,476,458,18,0,226,51,710,5902,1
"Block Group 4, Census Tract 59.02, Norfolk city, Virginia",517100059024,899,744,642,638,4,102,155,51,710,5902,4
"Block Group 1, Census Tract 60, Norfolk city, Virginia",517100060001,756,492,467,394,73,25,264,51,710,6000,1
"Block Group 1, Census Tract 61, Norfolk city, Virginia",517100061001,2010,1469,1336,1306,30,133,541,51,710,6100,1
"Block Group 4, Census Tract 61, Norfolk city, Virginia",517100061004,1545,1038,975,877,98,63,507,51,710,6100,4
"Block Group 2, Census Tract 62, Norfolk city, Virginia",517100062002,1582,1012,823,805,18,189,570,51,710,6200,2
"Block Group 2, Census Tract 64, Norfolk city, Virginia",517100064002,1241,727,714,673,41,13,514,51,710,6400,2
"Block Group 3, Census Tract 65.01, Norfolk city, Virginia",517100065013,396,268,268,251,17,0,128,51,710,6501,3
"Block Group 3, Census Tract 65.02, Norfolk city, Virginia",517100065023,419,276,201,201,0,75,143,51,710,6502,3
"Block Group 2, Census Tract 101, Albemarle County, Virginia",510030101002,886,474,474,452,22,0,412,51,3,10100,2
"Block Group 1, Census Tract 104.02, Albemarle County, Virginia",510030104021,632,496,496,489,7,0,136,51,3,10402,1
"Block Group 1, Census Tract 105.01, Albemarle County, Virginia",510030105011,1053,723,723,723,0,0,330,51,3,10501,1
"Block Group 2, Census Tract 105.02, Albemarle County, Virginia",510030105022,1312,859,859,840,19,0,453,51,3,10502,2
"Block Group 2, Census Tract 106.02, Albemarle County, Virginia",510030106022,1266,797,791,788,3,6,469,51,3,10602,2
"Block Group 2, Census Tract 106.03, Albemarle County, Virginia",510030106032,539,407,407,407,0,0,132,51,3,10603,2
"Block Group 3, Census Tract 106.04, Albemarle County, Virginia",510030106043,1831,1203,1203,1203,0,0,628,51,3,10604,3
"Block Group 1, Census Tract 107.02, Albemarle County, Virginia",510030107021,857,581,581,581,0,0,276,51,3,10702,1
"Block Group 1, Census Tract 108.01, Albemarle County, Virginia",510030108011,929,791,791,786,5,0,138,51,3,10801,1
"Block Group 1, Census Tract 108.02, Albemarle County, Virginia",510030108021,789,464,464,450,14,0,325,51,3,10802,1
"Block Group 2, Census Tract 109.01, Albemarle County, Virginia",510030109012,747,342,340,338,2,2,405,51,3,10901,2
"Block Group 3, Census Tract 109.04, Albemarle County, Virginia",510030109043,1279,255,255,239,16,0,1024,51,3,10904,3
"Block Group 3, Census Tract 110, Albemarle County, Virginia",510030110003,1355,917,917,750,167,0,438,51,3,11000,3
"Block Group 1, Census Tract 111.01, Albemarle County, Virginia",510030111011,873,529,529,529,0,0,344,51,3,11101,1
"Block Group 1, Census Tract 111.02, Albemarle County, Virginia",510030111021,969,743,743,743,0,0,226,51,3,11102,1
"Block Group 2, Census Tract 111.03, Albemarle County, Virginia",510030111032,482,113,113,113,0,0,369,51,3,11103,2
"Block Group 2, Census Tract 113.02, Albemarle County, Virginia",510030113022,965,657,657,625,32,0,308,51,3,11302,2
"Block Group 1, Census Tract 113.03, Albemarle County, Virginia",510030113031,1350,1014,1008,1001,7,6,336,51,3,11303,1
"Block Group 2, Census Tract 114, Albemarle County, Virginia",510030114002,501,265,265,261,4,0,236,51,3,11400,2
"Block Group 1, Census Tract 701, Alleghany County, Virginia",510050701001,302,75,75,64,11,0,227,51,5,70100,1
"Block Group 4, Census Tract 701, Alleghany County, Virginia",510050701004,928,283,283,283,0,0,645,51,5,70100,4
"Block Group 3, Census Tract 801, Alleghany County, Virginia",510050801003,926,402,378,348,30,24,524,51,5,80100,3
"Block Group 1, Census Tract 802.02, Alleghany County, Virginia",510050802021,906,349,349,325,24,0,557,51,5,80202,1
"Block Group 1, Census Tract 803.01, Alleghany County, Virginia",510050803011,1427,823,823,816,7,0,604,51,5,80301,1
"Block Group 1, Census Tract 9301.01, Amelia County, Virginia",510079301011,845,475,475,475,0,0,370,51,7,930101,1
"Block Group 2, Census Tract 9301.02, Amelia County, Virginia",510079301022,1358,965,965,909,56,0,393,51,7,930102,2
"Block Group 2, Census Tract 9302, Amelia County, Virginia",510079302002,1124,786,786,747,39,0,338,51,7,930200,2
"Block Group 1, Census Tract 101, Amherst County, Virginia",510090101001,881,470,470,417,53,0,411,51,9,10100,1
"Block Group 4, Census Tract 101, Amherst County, Virginia",510090101004,1650,921,921,921,0,0,729,51,9,10100,4
"Block Group 2, Census Tract 102.01, Amherst County, Virginia",510090102012,1202,663,663,646,17,0,539,51,9,10201,2
"Block Group 2, Census Tract 102.02, Amherst County, Virginia",510090102022,1209,742,742,742,0,0,467,51,9,10202,2
"Block Group 2, Census Tract 401.01, Appomattox County, Virginia",510110401012,816,497,497,493,4,0,319,51,11,40101,2
"Block Group 3, Census Tract 401.02, Appomattox County, Virginia",510110401023,748,474,474,466,8,0,274,51,11,40102,3
"Block Group 3, Census Tract 402, Appomattox County, Virginia",510110402003,2115,1276,1276,1250,26,0,839,51,11,40200,3
"Block Group 3, Census Tract 403, Appomattox County, Virginia",510110403003,1068,516,509,484,25,7,552,51,11,40300,3
"Block Group 1, Census Tract 1001, Arlington County, Virginia",510131001001,1268,986,986,966,20,0,282,51,13,100100,1
"Block Group 4, Census Tract 1001, Arlington County, Virginia",510131001004,1362,898,876,868,8,22,464,51,13,100100,4
"Block Group 3, Census Tract 1002, Arlington County, Virginia",510131002003,643,472,472,472,0,0,171,51,13,100200,3
"Block Group 1, Census Tract 1003, Arlington County, Virginia",510131003001,1497,962,943,943,0,19,535,51,13,100300,1
"Block Group 4, Census Tract 1003, Arlington County, Virginia",510131003004,342,186,186,165,21,0,156,51,13,100300,4
"Block Group 2, Census Tract 1004, Arlington County, Virginia",510131004002,594,362,362,362,0,0,232,51,13,100400,2
"Block Group 1, Census Tract 6110.26, Loudoun County, Virginia",511076110261,4263,3487,3487,3373,114,0,776,51,107,611026,1
"Block Group 1, Census Tract 6110.28, Loudoun County, Virginia",511076110281,2375,1859,1859,1859,0,0,516,51,107,611028,1
"Block Group 2, Census Tract 6110.29, Loudoun County, Virginia",511076110292,1477,1156,1156,1089,67,0,321,51,107,611029,2
"Block Group 1, Census Tract 6112.04, Loudoun County, Virginia",511076112041,1608,1048,1031,950,81,17,560,51,107,611204,1
"Block Group 1, Census Tract 6112.05, Loudoun County, Virginia",511076112051,1842,1503,1497,1469,28,6,339,51,107,611205,1
"Block Group 2, Census Tract 6112.06, Loudoun County, Virginia",511076112062,1283,983,983,974,9,0,300,51,107,611206,2
"Block Group 1, Census Tract 6112.08, Loudoun County, Virginia",511076112081,2548,2320,2294,2257,37,26,228,51,107,611208,1
"Block Group 2, Census Tract 6112.09, Loudoun County, Virginia",511076112092,1728,1338,1338,1324,14,0,390,51,107,611209,2
"Block Group 2, Census Tract 6113, Loudoun County, Virginia",511076113002,388,376,376,362,14,0,12,51,107,611300,2
"Block Group 2, Census Tract 6114, Loudoun County, Virginia",511076114002,1784,1402,1402,1364,38,0,382,51,107,611400,2
"Block Group 2, Census Tract 6115.01, Loudoun County, Virginia",511076115012,76,34,34,34,0,0,42,51,107,611501,2
"Block Group 2, Census Tract 6115.02, Loudoun County, Virginia",511076115022,2635,1790,1790,1603,187,0,845,51,107,611502,2
"Block Group 2, Census Tract 6116.01, Loudoun County, Virginia",511076116012,1712,1377,1365,1307,58,12,335,51,107,611601,2
"Block Group 2, Census Tract 6116.02, Loudoun County, Virginia",511076116022,2228,1660,1638,1478,160,22,568,51,107,611602,2
"Block Group 1, Census Tract 6117.02, Loudoun County, Virginia",511076117021,0,0,0,0,0,0,0,51,107,611702,1
"Block Group 2, Census Tract 6118.03, Loudoun County, Virginia",511076118032,1512,1117,1090,1056,34,27,395,51,107,611803,2
"Block Group 2, Census Tract 6118.04, Loudoun County, Virginia",511076118042,1147,864,864,829,35,0,283,51,107,611804,2
"Block Group 1, Census Tract 6118.05, Loudoun County, Virginia",511076118051,1401,1031,1023,1012,11,8,370,51,107,611805,1
"Block Group 2, Census Tract 6118.12, Loudoun County, Virginia",511076118122,543,428,428,428,0,0,115,51,107,611812,2
"Block Group 3, Census Tract 6118.13, Loudoun County, Virginia",511076118133,892,758,758,758,0,0,134,51,107,611813,3
"Block Group 2, Census Tract 6119.01, Loudoun County, Virginia",511076119012,1815,1492,1492,1417,75,0,323,51,107,611901,2
"Block Group 2, Census Tract 6119.02, Loudoun County, Virginia",511076119022,2280,1906,1880,1845,35,26,374,51,107,611902,2
"Block Group 2, Census Tract 9501.01, Louisa County, Virginia",511099501012,500,292,292,292,0,0,208,51,109,950101,2
"Block Group 2, Census Tract 9501.02, Louisa County, Virginia",511099501022,1075,605,605,605,0,0,470,51,109,950102,2
"Block Group 1, Census Tract 9502.01, Louisa County, Virginia",511099502011,1508,793,793,773,20,0,715,51,109,950201,1
"Block Group 1, Census Tract 9502.02, Louisa County, Virginia",511099502021,807,490,490,490,0,0,317,51,109,950202,1
"Block Group 1, Census Tract 9503.01, Louisa County, Virginia",511099503011,1205,793,793,743,50,0,412,51,109,950301,1
"Block Group 2, Census Tract 9503.02, Louisa County, Virginia",511099503022,1969,1601,1601,1584,17,0,368,51,109,950302,2
"Block Group 1, Census Tract 9504, Louisa County, Virginia",511099504001,1144,643,643,604,39,0,501,51,109,950400,1
"Block Group 2, Census Tract 9505, Louisa County, Virginia",511099505002,1052,578,578,578,0,0,474,51,109,950500,2
"Block Group 1, Census Tract 9301, Lunenburg County, Virginia",511119301001,1220,708,708,672,36,0,512,51,111,930100,1
"Block Group 4, Census Tract 9301, Lunenburg County, Virginia",511119301004,641,291,287,271,16,4,350,51,111,930100,4
"Block Group 3, Census Tract 9302, Lunenburg County, Virginia",511119302003,807,367,367,293,74,0,440,51,111,930200,3
"Block Group 2, Census Tract 9303, Lunenburg County, Virginia",511119303002,629,372,372,372,0,0,257,51,111,930300,2
"Block Group 1, Census Tract 9514.02, Mathews County, Virginia",511159514021,1731,768,768,768,0,0,963,51,115,951402,1
"Block Group 2, Census Tract 9301.01, Mecklenburg County, Virginia",511179301012,772,390,390,385,5,0,382,51,117,930101,2
"Block Group 1, Census Tract 9301.04, Mecklenburg County, Virginia",511179301041,1307,575,575,566,9,0,732,51,117,930104,1
"Block Group 2, Census Tract 9302.01, Mecklenburg County, Virginia",511179302012,949,572,572,572,0,0,377,51,117,930201,2
"Block Group 2, Census Tract 9302.02, Mecklenburg County, Virginia",511179302022,479,348,348,348,0,0,131,51,117,930202,2
"Block Group 3, Census Tract 9303, Mecklenburg County, Virginia",511179303003,1457,593,593,593,0,0,864,51,117,930300,3
"Block Group 1, Census Tract 9304.02, Mecklenburg County, Virginia",511179304021,1422,722,722,721,1,0,700,51,117,930402,1
"Block Group 1, Census Tract 66.02, Norfolk city, Virginia",517100066021,429,249,212,204,8,37,180,51,710,6602,1
"Block Group 2, Census Tract 66.03, Norfolk city, Virginia",517100066032,720,397,341,284,57,56,323,51,710,6603,2
"Block Group 1, Census Tract 66.05, Norfolk city, Virginia",517100066051,915,608,587,587,0,21,307,51,710,6605,1
"Block Group 2, Census Tract 66.06, Norfolk city, Virginia",517100066062,750,426,391,382,9,35,324,51,710,6606,2
"Block Group 1, Census Tract 66.07, Norfolk city, Virginia",517100066071,1175,648,552,541,11,96,527,51,710,6607,1
"Block Group 3, Census Tract 66.07, Norfolk city, Virginia",517100066073,636,419,409,352,57,10,217,51,710,6607,3
"Block Group 3, Census Tract 9601, Norton city, Virginia",517209601003,922,539,539,531,8,0,383,51,720,960100,3
"Block Group 2, Census Tract 8101, Petersburg city, Virginia",517308101002,1094,743,743,539,204,0,351,51,730,810100,2
"Block Group 2, Census Tract 8103, Petersburg city, Virginia",517308103002,782,556,476,364,112,80,226,51,730,810300,2
"Block Group 2, Census Tract 8104, Petersburg city, Virginia",517308104002,738,523,523,478,45,0,215,51,730,810400,2
"Block Group 3, Census Tract 8105, Petersburg city, Virginia",517308105003,1089,592,592,545,47,0,497,51,730,810500,3
"Block Group 2, Census Tract 8106, Petersburg city, Virginia",517308106002,325,156,156,132,24,0,169,51,730,810600,2
"Block Group 1, Census Tract 8109, Petersburg city, Virginia",517308109001,775,397,397,306,91,0,378,51,730,810900,1
"Block Group 1, Census Tract 8110, Petersburg city, Virginia",517308110001,1852,1219,1203,1116,87,16,633,51,730,811000,1
"Block Group 1, Census Tract 8111, Petersburg city, Virginia",517308111001,538,371,371,346,25,0,167,51,730,811100,1
"Block Group 1, Census Tract 8112, Petersburg city, Virginia",517308112001,1580,1019,1019,891,128,0,561,51,730,811200,1
"Block Group 1, Census Tract 8113, Petersburg city, Virginia",517308113001,997,546,439,432,7,107,451,51,730,811300,1
"Block Group 4, Census Tract 8113, Petersburg city, Virginia",517308113004,351,151,151,151,0,0,200,51,730,811300,4
"Block Group 1, Census Tract 3402, Poquoson city, Virginia",517353402001,881,479,479,441,38,0,402,51,735,340200,1
"Block Group 3, Census Tract 3402, Poquoson city, Virginia",517353402003,1165,767,767,757,10,0,398,51,735,340200,3
"Block Group 1, Census Tract 3403, Poquoson city, Virginia",517353403001,899,589,589,565,24,0,310,51,735,340300,1
"Block Group 0, Census Tract 9901, Poquoson city, Virginia",517359901000,0,0,0,0,0,0,0,51,735,990100,0
"Block Group 1, Census Tract 2115, Portsmouth city, Virginia",517402115001,559,287,282,267,15,5,272,51,740,211500,1
"Block Group 2, Census Tract 2116, Portsmouth city, Virginia",517402116002,566,415,415,395,20,0,151,51,740,211600,2
"Block Group 5, Census Tract 2116, Portsmouth city, Virginia",517402116005,689,443,396,343,53,47,246,51,740,211600,5
"Block Group 3, Census Tract 2117, Portsmouth city, Virginia",517402117003,470,308,298,298,0,10,162,51,740,211700,3
"Block Group 3, Census Tract 2118, Portsmouth city, Virginia",517402118003,915,386,386,312,74,0,529,51,740,211800,3
"Block Group 2, Census Tract 2119, Portsmouth city, Virginia",517402119002,606,348,318,313,5,30,258,51,740,211900,2
"Block Group 1, Census Tract 2121, Portsmouth city, Virginia",517402121001,197,92,89,86,3,3,105,51,740,212100,1
"Block Group 2, Census Tract 2123, Portsmouth city, Virginia",517402123002,843,578,578,501,77,0,265,51,740,212300,2
"Block Group 4, Census Tract 2123, Portsmouth city, Virginia",517402123004,492,355,341,282,59,14,137,51,740,212300,4
"Block Group 3, Census Tract 2124, Portsmouth city, Virginia",517402124003,1025,475,475,392,83,0,550,51,740,212400,3
"Block Group 2, Census Tract 2126, Portsmouth city, Virginia",517402126002,403,337,318,318,0,19,66,51,740,212600,2
"Block Group 2, Census Tract 2127.01, Portsmouth city, Virginia",517402127012,689,397,397,397,0,0,292,51,740,212701,2
"Block Group 1, Census Tract 2127.02, Portsmouth city, Virginia",517402127021,1011,601,578,578,0,23,410,51,740,212702,1
"Block Group 2, Census Tract 2128.01, Portsmouth city, Virginia",517402128012,1101,811,768,687,81,43,290,51,740,212801,2
"Block Group 2, Census Tract 2128.02, Portsmouth city, Virginia",517402128022,896,365,365,356,9,0,531,51,740,212802,2
"Block Group 3, Census Tract 2129, Portsmouth city, Virginia",517402129003,1132,909,909,848,61,0,223,51,740,212900,3
"Block Group 4, Census Tract 2131.03, Portsmouth city, Virginia",517402131034,1329,1153,1058,1035,23,95,176,51,740,213103,4
"Block Group 2, Census Tract 2131.04, Portsmouth city, Virginia",517402131042,1029,686,647,632,15,39,343,51,740,213104,2
"Block Group 1, Census Tract 9801, Portsmouth city, Virginia",517409801001,661,661,14,14,0,647,0,51,740,980100,1
"Block Group 2, Census Tract 1005, Arlington County, Virginia",510131005002,607,448,448,440,8,0,159,51,13,100500,2
"Block Group 1, Census Tract 1006, Arlington County, Virginia",510131006001,1185,676,669,669,0,7,509,51,13,100600,1
"Block Group 1, Census Tract 1007, Arlington County, Virginia",510131007001,1170,946,946,922,24,0,224,51,13,100700,1
"Block Group 4, Census Tract 1007, Arlington County, Virginia",510131007004,839,650,650,640,10,0,189,51,13,100700,4
"Block Group 1, Census Tract 1008, Arlington County, Virginia",510131008001,490,385,385,385,0,0,105,51,13,100800,1
"Block Group 2, Census Tract 1009, Arlington County, Virginia",510131009002,464,370,370,370,0,0,94,51,13,100900,2
"Block Group 1, Census Tract 1013, Arlington County, Virginia",510131013001,893,611,596,582,14,15,282,51,13,101300,1
"Block Group 4, Census Tract 1013, Arlington County, Virginia",510131013004,1561,1308,1308,1179,129,0,253,51,13,101300,4
"Block Group 1, Census Tract 1014.01, Arlington County, Virginia",510131014011,1381,1226,1210,1196,14,16,155,51,13,101401,1
"Block Group 1, Census Tract 1014.05, Arlington County, Virginia",510131014051,1023,633,619,619,0,14,390,51,13,101405,1
"Block Group 2, Census Tract 1014.06, Arlington County, Virginia",510131014062,1552,1269,1235,1187,48,34,283,51,13,101406,2
"Block Group 2, Census Tract 1014.07, Arlington County, Virginia",510131014072,654,600,600,547,53,0,54,51,13,101407,2
"Block Group 2, Census Tract 1014.08, Arlington County, Virginia",510131014082,0,0,0,0,0,0,0,51,13,101408,2
"Block Group 1, Census Tract 1015.01, Arlington County, Virginia",510131015011,1267,1040,1023,1023,0,17,227,51,13,101501,1
"Block Group 1, Census Tract 1015.02, Arlington County, Virginia",510131015021,344,281,281,281,0,0,63,51,13,101502,1
"Block Group 1, Census Tract 1015.03, Arlington County, Virginia",510131015031,1111,1001,1001,1001,0,0,110,51,13,101503,1
"Block Group 1, Census Tract 1016.01, Arlington County, Virginia",510131016011,0,0,0,0,0,0,0,51,13,101601,1
"Block Group 2, Census Tract 1016.02, Arlington County, Virginia",510131016022,565,521,503,496,7,18,44,51,13,101602,2
"Block Group 3, Census Tract 1016.03, Arlington County, Virginia",510131016033,1144,934,934,921,13,0,210,51,13,101603,3
"Block Group 1, Census Tract 1017.01, Arlington County, Virginia",510131017011,557,489,489,453,36,0,68,51,13,101701,1
"Block Group 1, Census Tract 1017.03, Arlington County, Virginia",510131017031,822,703,694,684,10,9,119,51,13,101703,1
"Block Group 1, Census Tract 1018.05, Arlington County, Virginia",510131018051,1074,941,941,916,25,0,133,51,13,101805,1
"Block Group 1, Census Tract 1019, Arlington County, Virginia",510131019001,899,765,765,721,44,0,134,51,13,101900,1
"Block Group 1, Census Tract 1020.01, Arlington County, Virginia",510131020011,1471,1438,1438,1438,0,0,33,51,13,102001,1
"Block Group 1, Census Tract 1020.03, Arlington County, Virginia",510131020031,1295,1036,1027,995,32,9,259,51,13,102003,1
"Block Group 1, Census Tract 1021, Arlington County, Virginia",510131021001,731,232,232,232,0,0,499,51,13,102100,1
"Block Group 2, Census Tract 1022, Arlington County, Virginia",510131022002,1487,1031,1031,1031,0,0,456,51,13,102200,2
"Block Group 5, Census Tract 1022, Arlington County, Virginia",510131022005,1942,1398,1398,1311,87,0,544,51,13,102200,5
"Block Group 2, Census Tract 1023.01, Arlington County, Virginia",510131023012,466,364,364,352,12,0,102,51,13,102301,2
"Block Group 3, Census Tract 1023.02, Arlington County, Virginia",510131023023,1050,853,818,747,71,35,197,51,13,102302,3
"Block Group 3, Census Tract 1024, Arlington County, Virginia",510131024003,820,537,510,510,0,27,283,51,13,102400,3
"Block Group 2, Census Tract 1025, Arlington County, Virginia",510131025002,2208,1921,1900,1857,43,21,287,51,13,102500,2
"Block Group 2, Census Tract 1026, Arlington County, Virginia",510131026002,836,660,660,642,18,0,176,51,13,102600,2
"Block Group 1, Census Tract 1027.02, Arlington County, Virginia",510131027021,1110,1023,1002,979,23,21,87,51,13,102702,1
"Block Group 1, Census Tract 1028.03, Arlington County, Virginia",510131028031,692,580,580,577,3,0,112,51,13,102803,1
"Block Group 1, Census Tract 1028.04, Arlington County, Virginia",510131028041,700,557,557,519,38,0,143,51,13,102804,1
"Block Group 1, Census Tract 1032, Arlington County, Virginia",510131032001,820,776,776,728,48,0,44,51,13,103200,1
"Block Group 4, Census Tract 1032, Arlington County, Virginia",510131032004,1845,1627,1569,1569,0,58,218,51,13,103200,4
"Block Group 1, Census Tract 1034.01, Arlington County, Virginia",510131034011,1456,1323,70,70,0,1253,133,51,13,103401,1
"Block Group 1, Census Tract 1034.04, Arlington County, Virginia",510131034041,1363,1201,1201,1175,26,0,162,51,13,103404,1
"Block Group 2, Census Tract 9305, Mecklenburg County, Virginia",511179305002,748,224,224,224,0,0,524,51,117,930500,2
"Block Group 3, Census Tract 9306, Mecklenburg County, Virginia",511179306003,401,186,186,160,26,0,215,51,117,930600,3
"Block Group 1, Census Tract 9308, Mecklenburg County, Virginia",511179308001,771,367,367,364,3,0,404,51,117,930800,1
"Block Group 4, Census Tract 9308, Mecklenburg County, Virginia",511179308004,448,284,284,284,0,0,164,51,117,930800,4
"Block Group 1, Census Tract 9510, Middlesex County, Virginia",511199510001,1020,580,580,580,0,0,440,51,119,951000,1
"Block Group 4, Census Tract 9510, Middlesex County, Virginia",511199510004,879,489,489,489,0,0,390,51,119,951000,4
"Block Group 3, Census Tract 9511, Middlesex County, Virginia",511199511003,320,159,159,152,7,0,161,51,119,951100,3
"Block Group 2, Census Tract 9512, Middlesex County, Virginia",511199512002,650,292,292,292,0,0,358,51,119,951200,2
"Block Group 1, Census Tract 204.01, Montgomery County, Virginia",511210204011,687,188,148,148,0,40,499,51,121,20401,1
"Block Group 2, Census Tract 204.02, Montgomery County, Virginia",511210204022,1389,353,353,346,7,0,1036,51,121,20402,2
"Block Group 2, Census Tract 205, Montgomery County, Virginia",511210205002,680,454,454,439,15,0,226,51,121,20500,2
"Block Group 1, Census Tract 206, Montgomery County, Virginia",511210206001,937,537,507,507,0,30,400,51,121,20600,1
"Block Group 4, Census Tract 206, Montgomery County, Virginia",511210206004,1544,1200,1200,1156,44,0,344,51,121,20600,4
"Block Group 1, Census Tract 207.02, Montgomery County, Virginia",511210207021,1898,1135,1135,1070,65,0,763,51,121,20702,1
"Block Group 1, Census Tract 208.01, Montgomery County, Virginia",511210208011,1147,647,647,633,14,0,500,51,121,20801,1
"Block Group 1, Census Tract 208.02, Montgomery County, Virginia",511210208021,765,465,465,465,0,0,300,51,121,20802,1
"Block Group 2, Census Tract 209, Montgomery County, Virginia",511210209002,838,594,594,594,0,0,244,51,121,20900,2
"Block Group 2, Census Tract 210, Montgomery County, Virginia",511210210002,1150,852,852,837,15,0,298,51,121,21000,2
"Block Group 1, Census Tract 211.01, Montgomery County, Virginia",511210211011,1783,1086,1073,1073,0,13,697,51,121,21101,1
"Block Group 2, Census Tract 211.02, Montgomery County, Virginia",511210211022,1506,1147,1147,1102,45,0,359,51,121,21102,2
"Block Group 2, Census Tract 212.01, Montgomery County, Virginia",511210212012,1431,726,726,708,18,0,705,51,121,21201,2
"Block Group 1, Census Tract 213, Montgomery County, Virginia",511210213001,856,505,505,505,0,0,351,51,121,21300,1
"Block Group 1, Census Tract 214, Montgomery County, Virginia",511210214001,605,437,437,337,100,0,168,51,121,21400,1
"Block Group 1, Census Tract 9503, Nelson County, Virginia",511259503001,1265,653,653,643,10,0,612,51,125,950300,1
"Block Group 4, Census Tract 9503, Nelson County, Virginia",511259503004,1165,644,644,631,13,0,521,51,125,950300,4
"Block Group 2, Census Tract 7001, New Kent County, Virginia",511277001002,2664,1726,1718,1635,83,8,938,51,127,700100,2
"Block Group 2, Census Tract 7002, New Kent County, Virginia",511277002002,555,438,438,416,22,0,117,51,127,700200,2
"Block Group 1, Census Tract 7003.01, New Kent County, Virginia",511277003011,1704,1107,1078,1050,28,29,597,51,127,700301,1
"Block Group 1, Census Tract 7003.02, New Kent County, Virginia",511277003021,1809,1198,1184,1114,70,14,611,51,127,700302,1
"Block Group 2, Census Tract 9301, Northampton County, Virginia",511319301002,1138,449,449,439,10,0,689,51,131,930100,2
"Block Group 1, Census Tract 9302, Northampton County, Virginia",511319302001,737,420,420,414,6,0,317,51,131,930200,1
"Block Group 4, Census Tract 9302, Northampton County, Virginia",511319302004,621,408,408,397,11,0,213,51,131,930200,4
"Block Group 3, Census Tract 9303.01, Northampton County, Virginia",511319303013,583,284,282,278,4,2,299,51,131,930301,3
"Block Group 0, Census Tract 9901, Northampton County, Virginia",511319901000,0,0,0,0,0,0,0,51,131,990100,0
"Block Group 3, Census Tract 201, Northumberland County, Virginia",511330201003,564,252,252,252,0,0,312,51,133,20100,3
"Block Group 2, Census Tract 202, Northumberland County, Virginia",511330202002,1334,689,689,671,18,0,645,51,133,20200,2
"Block Group 2, Census Tract 203.01, Northumberland County, Virginia",511330203012,702,94,94,94,0,0,608,51,133,20301,2
"Block Group 2, Census Tract 203.02, Northumberland County, Virginia",511330203022,1141,476,476,476,0,0,665,51,133,20302,2
"Block Group 7, Census Tract 3, Nottoway County, Virginia",511350003007,461,212,212,212,0,0,249,51,135,300,7
"Block Group 2, Census Tract 1101.04, Orange County, Virginia",511371101042,1743,1124,1124,1073,51,0,619,51,137,110104,2
"Block Group 3, Census Tract 101.01, Radford city, Virginia",517500101013,1404,883,883,869,14,0,521,51,750,10101,3
"Block Group 3, Census Tract 101.02, Radford city, Virginia",517500101023,1404,1007,1007,979,28,0,397,51,750,10102,3
"Block Group 2, Census Tract 102.01, Radford city, Virginia",517500102012,1642,995,995,973,22,0,647,51,750,10201,2
"Block Group 3, Census Tract 102.02, Radford city, Virginia",517500102023,1091,772,761,563,198,11,319,51,750,10202,3
"Block Group 1, Census Tract 102.02, Richmond city, Virginia",517600102021,1232,225,225,225,0,0,1007,51,760,10202,1
"Block Group 1, Census Tract 104.01, Richmond city, Virginia",517600104011,1271,1048,1048,1030,18,0,223,51,760,10401,1
"Block Group 2, Census Tract 104.02, Richmond city, Virginia",517600104022,1129,772,769,769,0,3,357,51,760,10402,2
"Block Group 2, Census Tract 105, Richmond city, Virginia",517600105002,590,436,436,423,13,0,154,51,760,10500,2
"Block Group 2, Census Tract 107, Richmond city, Virginia",517600107002,827,541,536,527,9,5,286,51,760,10700,2
"Block Group 2, Census Tract 108, Richmond city, Virginia",517600108002,1518,865,865,750,115,0,653,51,760,10800,2
"Block Group 2, Census Tract 109, Richmond city, Virginia",517600109002,183,147,147,147,0,0,36,51,760,10900,2
"Block Group 4, Census Tract 109, Richmond city, Virginia",517600109004,1117,867,867,823,44,0,250,51,760,10900,4
"Block Group 3, Census Tract 110, Richmond city, Virginia",517600110003,912,602,581,562,19,21,310,51,760,11000,3
"Block Group 2, Census Tract 205.01, Richmond city, Virginia",517600205012,1653,1434,1434,1416,18,0,219,51,760,20501,2
"Block Group 3, Census Tract 205.02, Richmond city, Virginia",517600205023,488,409,409,409,0,0,79,51,760,20502,3
"Block Group 1, Census Tract 207, Richmond city, Virginia",517600207001,618,334,334,333,1,0,284,51,760,20700,1
"Block Group 2, Census Tract 208, Richmond city, Virginia",517600208002,687,533,533,533,0,0,154,51,760,20800,2
"Block Group 3, Census Tract 209, Richmond city, Virginia",517600209003,1127,899,899,843,56,0,228,51,760,20900,3
"Block Group 1, Census Tract 210, Richmond city, Virginia",517600210001,1673,1438,1438,1242,196,0,235,51,760,21000,1
"Block Group 1, Census Tract 212, Richmond city, Virginia",517600212001,1531,1085,1062,671,391,23,446,51,760,21200,1
"Block Group 1, Census Tract 302, Richmond city, Virginia",517600302001,350,302,302,299,3,0,48,51,760,30200,1
"Block Group 4, Census Tract 302, Richmond city, Virginia",517600302004,448,305,305,267,38,0,143,51,760,30200,4
"Block Group 3, Census Tract 305.01, Richmond city, Virginia",517600305013,1076,472,472,371,101,0,604,51,760,30501,3
"Block Group 1, Census Tract 402.01, Richmond city, Virginia",517600402011,1131,720,711,619,92,9,411,51,760,40201,1
"Block Group 2, Census Tract 402.02, Richmond city, Virginia",517600402022,938,790,779,779,0,11,148,51,760,40202,2
"Block Group 1, Census Tract 404, Richmond city, Virginia",517600404001,1213,934,934,804,130,0,279,51,760,40400,1
"Block Group 3, Census Tract 404, Richmond city, Virginia",517600404003,907,442,442,442,0,0,465,51,760,40400,3
"Block Group 3, Census Tract 405, Richmond city, Virginia",517600405003,635,498,468,446,22,30,137,51,760,40500,3
"Block Group 2, Census Tract 406, Richmond city, Virginia",517600406002,816,749,749,713,36,0,67,51,760,40600,2
"Block Group 1, Census Tract 416, Richmond city, Virginia",517600416001,1245,941,941,921,20,0,304,51,760,41600,1
"Block Group 3, Census Tract 501, Richmond city, Virginia",517600501003,767,517,517,503,14,0,250,51,760,50100,3
"Block Group 3, Census Tract 502, Richmond city, Virginia",517600502003,797,592,592,580,12,0,205,51,760,50200,3
"Block Group 2, Census Tract 504, Richmond city, Virginia",517600504002,1064,736,736,720,16,0,328,51,760,50400,2
"Block Group 3, Census Tract 505, Richmond city, Virginia",517600505003,2249,952,952,853,99,0,1297,51,760,50500,3
"Block Group 1, Census Tract 602, Richmond city, Virginia",517600602001,1160,663,663,600,63,0,497,51,760,60200,1
"Block Group 3, Census Tract 602, Richmond city, Virginia",517600602003,410,313,313,295,18,0,97,51,760,60200,3
"Block Group 3, Census Tract 604, Richmond city, Virginia",517600604003,588,335,335,292,43,0,253,51,760,60400,3
"Block Group 1, Census Tract 605.01, Richmond city, Virginia",517600605011,365,338,338,278,60,0,27,51,760,60501,1
"Block Group 1, Census Tract 605.02, Richmond city, Virginia",517600605021,1404,885,885,870,15,0,519,51,760,60502,1
"Block Group 1, Census Tract 606, Richmond city, Virginia",517600606001,818,592,592,592,0,0,226,51,760,60600,1
"Block Group 1, Census Tract 607, Richmond city, Virginia",517600607001,453,264,264,264,0,0,189,51,760,60700,1
"Block Group 4, Census Tract 607, Richmond city, Virginia",517600607004,1320,876,876,730,146,0,444,51,760,60700,4
"Block Group 3, Census Tract 1034.05, Arlington County, Virginia",510131034053,1065,1022,983,983,0,39,43,51,13,103405,3
"Block Group 3, Census Tract 1035.01, Arlington County, Virginia",510131035013,1573,1479,1466,1466,0,13,94,51,13,103501,3
"Block Group 3, Census Tract 1035.03, Arlington County, Virginia",510131035033,572,536,536,536,0,0,36,51,13,103503,3
"Block Group 1, Census Tract 1035.04, Arlington County, Virginia",510131035041,1131,1045,1014,986,28,31,86,51,13,103504,1
"Block Group 2, Census Tract 1035.05, Arlington County, Virginia",510131035052,877,331,331,331,0,0,546,51,13,103505,2
"Block Group 1, Census Tract 1036.01, Arlington County, Virginia",510131036011,765,566,530,530,0,36,199,51,13,103601,1
"Block Group 1, Census Tract 1036.02, Arlington County, Virginia",510131036021,576,504,489,480,9,15,72,51,13,103602,1
"Block Group 2, Census Tract 1037, Arlington County, Virginia",510131037002,1299,912,851,830,21,61,387,51,13,103700,2
"Block Group 3, Census Tract 1038, Arlington County, Virginia",510131038003,882,633,617,590,27,16,249,51,13,103800,3
"Block Group 1, Census Tract 9802, Arlington County, Virginia",510139802001,0,0,0,0,0,0,0,51,13,980200,1
"Block Group 3, Census Tract 701, Augusta County, Virginia",510150701003,684,433,433,433,0,0,251,51,15,70100,3
"Block Group 2, Census Tract 706.01, Augusta County, Virginia",510150706012,1079,616,616,564,52,0,463,51,15,70601,2
"Block Group 1, Census Tract 706.03, Augusta County, Virginia",510150706031,1820,1002,1002,950,52,0,818,51,15,70603,1
"Block Group 2, Census Tract 707.01, Augusta County, Virginia",510150707012,1340,925,925,912,13,0,415,51,15,70701,2
"Block Group 2, Census Tract 707.02, Augusta County, Virginia",510150707022,1007,661,661,661,0,0,346,51,15,70702,2
"Block Group 1, Census Tract 708.02, Augusta County, Virginia",510150708021,1426,1164,1151,1140,11,13,262,51,15,70802,1
"Block Group 4, Census Tract 708.02, Augusta County, Virginia",510150708024,599,416,416,395,21,0,183,51,15,70802,4
"Block Group 3, Census Tract 709, Augusta County, Virginia",510150709003,481,251,251,251,0,0,230,51,15,70900,3
"Block Group 1, Census Tract 710, Augusta County, Virginia",510150710001,731,437,437,437,0,0,294,51,15,71000,1
"Block Group 4, Census Tract 710, Augusta County, Virginia",510150710004,987,585,585,525,60,0,402,51,15,71000,4
"Block Group 3, Census Tract 711.01, Augusta County, Virginia",510150711013,567,386,386,386,0,0,181,51,15,71101,3
"Block Group 2, Census Tract 711.02, Augusta County, Virginia",510150711022,1000,578,578,578,0,0,422,51,15,71102,2
"Block Group 1, Census Tract 712.01, Augusta County, Virginia",510150712011,1093,585,585,585,0,0,508,51,15,71201,1
"Block Group 2, Census Tract 712.02, Augusta County, Virginia",510150712022,730,485,485,485,0,0,245,51,15,71202,2
"Block Group 2, Census Tract 9201.01, Bath County, Virginia",510179201012,1060,517,517,500,17,0,543,51,17,920101,2
"Block Group 3, Census Tract 9201.02, Bath County, Virginia",510179201023,510,404,404,366,38,0,106,51,17,920102,3
"Block Group 1, Census Tract 302.04, Bedford County, Virginia",510190302041,937,506,506,506,0,0,431,51,19,30204,1
"Block Group 2, Census Tract 303, Bedford County, Virginia",510190303002,1804,871,871,852,19,0,933,51,19,30300,2
"Block Group 3, Census Tract 304.01, Bedford County, Virginia",510190304013,630,273,273,263,10,0,357,51,19,30401,3
"Block Group 3, Census Tract 304.03, Bedford County, Virginia",510190304033,794,321,321,321,0,0,473,51,19,30403,3
"Block Group 3, Census Tract 304.04, Bedford County, Virginia",510190304043,589,270,270,270,0,0,319,51,19,30404,3
"Block Group 3, Census Tract 305.01, Bedford County, Virginia",510190305013,1331,835,835,819,16,0,496,51,19,30501,3
"Block Group 3, Census Tract 305.03, Bedford County, Virginia",510190305033,980,224,224,216,8,0,756,51,19,30503,3
"Block Group 3, Census Tract 305.04, Bedford County, Virginia",510190305043,796,475,475,475,0,0,321,51,19,30504,3
"Block Group 3, Census Tract 306.01, Bedford County, Virginia",510190306013,643,367,367,367,0,0,276,51,19,30601,3
"Block Group 3, Census Tract 306.02, Bedford County, Virginia",510190306023,441,349,349,315,34,0,92,51,19,30602,3
"Block Group 1, Census Tract 306.04, Bedford County, Virginia",510190306041,1134,810,810,670,140,0,324,51,19,30604,1
"Block Group 1, Census Tract 306.05, Bedford County, Virginia",510190306051,1755,1120,1120,1068,52,0,635,51,19,30605,1
"Block Group 1, Census Tract 501.01, Bedford County, Virginia",510190501011,1121,803,803,742,61,0,318,51,19,50101,1
"Block Group 2, Census Tract 501.02, Bedford County, Virginia",510190501022,1360,675,675,619,56,0,685,51,19,50102,2
"Block Group 3, Census Tract 401, Bland County, Virginia",510210401003,1726,492,492,458,34,0,1234,51,21,40100,3
"Block Group 3, Census Tract 1101.05, Orange County, Virginia",511371101053,736,517,517,483,34,0,219,51,137,110105,3
"Block Group 1, Census Tract 1101.07, Orange County, Virginia",511371101071,986,470,470,458,12,0,516,51,137,110107,1
"Block Group 1, Census Tract 1101.08, Orange County, Virginia",511371101081,2056,1623,1623,1502,121,0,433,51,137,110108,1
"Block Group 1, Census Tract 1102, Orange County, Virginia",511371102001,1285,858,815,748,67,43,427,51,137,110200,1
"Block Group 2, Census Tract 1103.01, Orange County, Virginia",511371103012,1941,1225,1225,1096,129,0,716,51,137,110301,2
"Block Group 1, Census Tract 301, Page County, Virginia",511390301001,717,454,454,427,27,0,263,51,139,30100,1
"Block Group 1, Census Tract 302, Page County, Virginia",511390302001,932,539,539,531,8,0,393,51,139,30200,1
"Block Group 3, Census Tract 302, Page County, Virginia",511390302003,871,390,390,390,0,0,481,51,139,30200,3
"Block Group 2, Census Tract 303, Page County, Virginia",511390303002,885,691,691,667,24,0,194,51,139,30300,2
"Block Group 1, Census Tract 304.01, Page County, Virginia",511390304011,897,550,550,439,111,0,347,51,139,30401,1
"Block Group 2, Census Tract 304.02, Page County, Virginia",511390304022,1287,951,951,938,13,0,336,51,139,30402,2
"Block Group 2, Census Tract 305, Page County, Virginia",511390305002,703,305,305,305,0,0,398,51,139,30500,2
"Block Group 5, Census Tract 305, Page County, Virginia",511390305005,990,722,722,722,0,0,268,51,139,30500,5
"Block Group 2, Census Tract 301.01, Patrick County, Virginia",511410301012,1347,893,893,848,45,0,454,51,141,30101,2
"Block Group 1, Census Tract 102, Pittsylvania County, Virginia",511430102001,621,359,359,315,44,0,262,51,143,10200,1
"Block Group 3, Census Tract 102, Pittsylvania County, Virginia",511430102003,1368,760,760,720,40,0,608,51,143,10200,3
"Block Group 2, Census Tract 103.02, Pittsylvania County, Virginia",511430103022,695,290,290,290,0,0,405,51,143,10302,2
"Block Group 2, Census Tract 104, Pittsylvania County, Virginia",511430104002,783,437,437,393,44,0,346,51,143,10400,2
"Block Group 1, Census Tract 105, Pittsylvania County, Virginia",511430105001,599,338,338,307,31,0,261,51,143,10500,1
"Block Group 1, Census Tract 106, Pittsylvania County, Virginia",511430106001,970,498,498,464,34,0,472,51,143,10600,1
"Block Group 1, Census Tract 107, Pittsylvania County, Virginia",511430107001,578,266,266,243,23,0,312,51,143,10700,1
"Block Group 2, Census Tract 108.01, Pittsylvania County, Virginia",511430108012,798,467,467,417,50,0,331,51,143,10801,2
"Block Group 3, Census Tract 108.03, Pittsylvania County, Virginia",511430108033,1483,948,948,882,66,0,535,51,143,10803,3
"Block Group 1, Census Tract 109, Pittsylvania County, Virginia",511430109001,961,576,576,555,21,0,385,51,143,10900,1
"Block Group 2, Census Tract 110.01, Pittsylvania County, Virginia",511430110012,678,441,441,407,34,0,237,51,143,11001,2
"Block Group 1, Census Tract 110.02, Pittsylvania County, Virginia",511430110021,1145,565,565,521,44,0,580,51,143,11002,1
"Block Group 1, Census Tract 111, Pittsylvania County, Virginia",511430111001,983,582,582,477,105,0,401,51,143,11100,1
"Block Group 2, Census Tract 112, Pittsylvania County, Virginia",511430112002,685,442,442,403,39,0,243,51,143,11200,2
"Block Group 2, Census Tract 5002.01, Powhatan County, Virginia",511455002012,2069,1183,1183,1183,0,0,886,51,145,500201,2
"Block Group 2, Census Tract 5002.02, Powhatan County, Virginia",511455002022,1012,658,658,658,0,0,354,51,145,500202,2
"Block Group 1, Census Tract 5004, Powhatan County, Virginia",511455004001,1918,1100,1100,1080,20,0,818,51,145,500400,1
"Block Group 1, Census Tract 9301.01, Prince Edward County, Virginia",511479301011,917,374,374,331,43,0,543,51,147,930101,1
"Block Group 2, Census Tract 9301.02, Prince Edward County, Virginia",511479301022,510,322,322,322,0,0,188,51,147,930102,2
"Block Group 2, Census Tract 9302.02, Prince Edward County, Virginia",511479302022,1381,891,891,866,25,0,490,51,147,930202,2
"Block Group 3, Census Tract 9302.04, Prince Edward County, Virginia",511479302043,1392,228,228,213,15,0,1164,51,147,930204,3
"Block Group 2, Census Tract 9303.01, Prince Edward County, Virginia",511479303012,1055,673,673,673,0,0,382,51,147,930301,2
"Block Group 3, Census Tract 9303.02, Prince Edward County, Virginia",511479303023,889,413,413,413,0,0,476,51,147,930302,3
"Block Group 1, Census Tract 8502, Prince George County, Virginia",511498502001,336,208,72,58,14,136,128,51,149,850200,1
"Block Group 4, Census Tract 8502, Prince George County, Virginia",511498502004,557,394,209,199,10,185,163,51,149,850200,4
"Block Group 2, Census Tract 8503.01, Prince George County, Virginia",511498503012,1953,1425,1249,1024,225,176,528,51,149,850301,2
"Block Group 2, Census Tract 608, Richmond city, Virginia",517600608002,357,247,247,247,0,0,110,51,760,60800,2
"Block Group 4, Census Tract 608, Richmond city, Virginia",517600608004,20,11,11,11,0,0,9,51,760,60800,4
"Block Group 2, Census Tract 610.01, Richmond city, Virginia",517600610012,1448,1021,1021,1021,0,0,427,51,760,61001,2
"Block Group 4, Census Tract 706.01, Richmond city, Virginia",517600706014,407,356,356,325,31,0,51,51,760,70601,4
"Block Group 1, Census Tract 707, Richmond city, Virginia",517600707001,1321,962,956,923,33,6,359,51,760,70700,1
"Block Group 1, Census Tract 708.02, Richmond city, Virginia",517600708021,826,562,562,555,7,0,264,51,760,70802,1
"Block Group 2, Census Tract 708.03, Richmond city, Virginia",517600708032,1819,950,928,892,36,22,869,51,760,70803,2
"Block Group 3, Census Tract 708.04, Richmond city, Virginia",517600708043,424,203,203,203,0,0,221,51,760,70804,3
"Block Group 3, Census Tract 709.01, Richmond city, Virginia",517600709013,1041,810,810,681,129,0,231,51,760,70901,3
"Block Group 2, Census Tract 709.02, Richmond city, Virginia",517600709022,797,302,302,302,0,0,495,51,760,70902,2
"Block Group 2, Census Tract 710.02, Richmond city, Virginia",517600710022,1820,1068,1049,998,51,19,752,51,760,71002,2
"Block Group 1, Census Tract 710.04, Richmond city, Virginia",517600710041,509,169,169,141,28,0,340,51,760,71004,1
"Block Group 2, Census Tract 711, Richmond city, Virginia",517600711002,701,443,443,318,125,0,258,51,760,71100,2
"Block Group 1, Census Tract 1, Roanoke city, Virginia",517700001001,861,496,496,452,44,0,365,51,770,100,1
"Block Group 1, Census Tract 3, Roanoke city, Virginia",517700003001,781,697,697,650,47,0,84,51,770,300,1
"Block Group 1, Census Tract 4, Roanoke city, Virginia",517700004001,1650,1051,1051,1006,45,0,599,51,770,400,1
"Block Group 3, Census Tract 4, Roanoke city, Virginia",517700004003,933,571,571,547,24,0,362,51,770,400,3
"Block Group 3, Census Tract 5, Roanoke city, Virginia",517700005003,548,337,337,337,0,0,211,51,770,500,3
"Block Group 2, Census Tract 6.01, Roanoke city, Virginia",517700006012,1726,1326,1326,1287,39,0,400,51,770,601,2
"Block Group 3, Census Tract 18, Roanoke city, Virginia",517700018003,774,529,529,519,10,0,245,51,770,1800,3
"Block Group 2, Census Tract 19, Roanoke city, Virginia",517700019002,854,590,560,546,14,30,264,51,770,1900,2
"Block Group 1, Census Tract 21, Roanoke city, Virginia",517700021001,829,599,599,577,22,0,230,51,770,2100,1
"Block Group 1, Census Tract 22, Roanoke city, Virginia",517700022001,1252,844,844,835,9,0,408,51,770,2200,1
"Block Group 2, Census Tract 23.01, Roanoke city, Virginia",517700023012,1561,1082,1082,950,132,0,479,51,770,2301,2
"Block Group 2, Census Tract 23.02, Roanoke city, Virginia",517700023022,1744,1132,1117,1053,64,15,612,51,770,2302,2
"Block Group 3, Census Tract 24, Roanoke city, Virginia",517700024003,1767,1287,1287,962,325,0,480,51,770,2400,3
"Block Group 1, Census Tract 25.02, Roanoke city, Virginia",517700025021,657,307,307,240,67,0,350,51,770,2502,1
"Block Group 2, Census Tract 26, Roanoke city, Virginia",517700026002,513,341,341,331,10,0,172,51,770,2600,2
"Block Group 2, Census Tract 27, Roanoke city, Virginia",517700027002,384,189,189,189,0,0,195,51,770,2700,2
"Block Group 5, Census Tract 27, Roanoke city, Virginia",517700027005,675,530,530,423,107,0,145,51,770,2700,5
"Block Group 2, Census Tract 28, Roanoke city, Virginia",517700028002,1362,831,831,814,17,0,531,51,770,2800,2
"Block Group 1, Census Tract 29, Roanoke city, Virginia",517700029001,527,159,159,159,0,0,368,51,770,2900,1
"Block Group 4, Census Tract 29, Roanoke city, Virginia",517700029004,1013,708,708,666,42,0,305,51,770,2900,4
"Block Group 2, Census Tract 30, Roanoke city, Virginia",517700030002,1119,527,527,527,0,0,592,51,770,3000,2
"Block Group 2, Census Tract 31, Roanoke city, Virginia",517700031002,936,761,761,669,92,0,175,51,770,3100,2
"Block Group 2, Census Tract 105.01, Salem city, Virginia",517750105012,1189,735,735,690,45,0,454,51,775,10501,2
"Block Group 2, Census Tract 105.02, Salem city, Virginia",517750105022,471,376,376,376,0,0,95,51,775,10502,2
"Block Group 1, Census Tract 1, Staunton city, Virginia",517900001001,876,565,565,540,25,0,311,51,790,100,1
"Block Group 3, Census Tract 2, Staunton city, Virginia",517900002003,496,337,337,329,8,0,159,51,790,200,3
"Block Group 2, Census Tract 3, Staunton city, Virginia",517900003002,581,375,375,356,19,0,206,51,790,300,2
"Block Group 5, Census Tract 3, Staunton city, Virginia",517900003005,655,496,496,496,0,0,159,51,790,300,5
"Block Group 2, Census Tract 4.01, Staunton city, Virginia",517900004012,773,466,466,456,10,0,307,51,790,401,2
"Block Group 1, Census Tract 106.02, Albemarle County, Virginia",510030106021,1420,910,856,849,7,54,510,51,3,10602,1
"Block Group 3, Census Tract 9302, Amelia County, Virginia",510079302003,1339,835,835,740,95,0,504,51,7,930200,3
"Block Group 6, Census Tract 1007, Arlington County, Virginia",510131007006,704,510,510,510,0,0,194,51,13,100700,6
"Block Group 1, Census Tract 1014.02, Arlington County, Virginia",510131014021,1209,986,986,971,15,0,223,51,13,101402,1
"Block Group 1, Census Tract 1018.04, Arlington County, Virginia",510131018041,1118,796,796,778,18,0,322,51,13,101804,1
"Block Group 2, Census Tract 1034.05, Arlington County, Virginia",510131034052,1134,848,774,774,0,74,286,51,13,103405,2
"Block Group 3, Census Tract 402, Bland County, Virginia",510210402003,546,336,336,330,6,0,210,51,21,40200,3
"Block Group 1, Census Tract 404.01, Botetourt County, Virginia",510230404011,1236,804,804,783,21,0,432,51,23,40401,1
"Block Group 2, Census Tract 404.02, Botetourt County, Virginia",510230404022,534,428,428,343,85,0,106,51,23,40402,2
"Block Group 1, Census Tract 405.01, Botetourt County, Virginia",510230405011,1901,1308,1308,1297,11,0,593,51,23,40501,1
"Block Group 1, Census Tract 405.02, Botetourt County, Virginia",510230405021,631,323,323,316,7,0,308,51,23,40502,1
"Block Group 2, Census Tract 9301, Brunswick County, Virginia",510259301002,921,531,531,524,7,0,390,51,25,930100,2
"Block Group 1, Census Tract 9302.01, Brunswick County, Virginia",510259302011,1481,643,643,600,43,0,838,51,25,930201,1
"Block Group 1, Census Tract 9302.03, Brunswick County, Virginia",510259302031,410,300,300,300,0,0,110,51,25,930203,1
"Block Group 4, Census Tract 9302.03, Brunswick County, Virginia",510259302034,536,358,358,332,26,0,178,51,25,930203,4
"Block Group 1, Census Tract 9303.02, Brunswick County, Virginia",510259303021,1122,619,619,544,75,0,503,51,25,930302,1
"Block Group 1, Census Tract 101, Buchanan County, Virginia",510270101001,1904,767,767,696,71,0,1137,51,27,10100,1
"Block Group 4, Census Tract 101, Buchanan County, Virginia",510270101004,601,171,171,171,0,0,430,51,27,10100,4
"Block Group 2, Census Tract 102, Buchanan County, Virginia",510270102002,778,259,259,212,47,0,519,51,27,10200,2
"Block Group 1, Census Tract 103, Buchanan County, Virginia",510270103001,960,485,485,470,15,0,475,51,27,10300,1
"Block Group 1, Census Tract 104, Buchanan County, Virginia",510270104001,1034,546,546,520,26,0,488,51,27,10400,1
"Block Group 1, Census Tract 105, Buchanan County, Virginia",510270105001,722,216,216,208,8,0,506,51,27,10500,1
"Block Group 1, Census Tract 9302.01, Buckingham County, Virginia",510299302011,2855,501,501,493,8,0,2354,51,29,930201,1
"Block Group 1, Census Tract 9302.02, Buckingham County, Virginia",510299302021,1141,735,735,714,21,0,406,51,29,930202,1
"Block Group 1, Census Tract 201.01, Campbell County, Virginia",510310201011,2022,1238,1238,1194,44,0,784,51,31,20101,1
"Block Group 1, Census Tract 202, Campbell County, Virginia",510310202001,2782,1735,1709,1631,78,26,1047,51,31,20200,1
"Block Group 2, Census Tract 203, Campbell County, Virginia",510310203002,842,613,613,530,83,0,229,51,31,20300,2
"Block Group 1, Census Tract 204.01, Campbell County, Virginia",510310204011,3846,2402,2402,2351,51,0,1444,51,31,20401,1
"Block Group 1, Census Tract 204.03, Campbell County, Virginia",510310204031,2442,1736,1736,1736,0,0,706,51,31,20403,1
"Block Group 2, Census Tract 205, Campbell County, Virginia",510310205002,2708,1462,1462,1417,45,0,1246,51,31,20500,2
"Block Group 3, Census Tract 206, Campbell County, Virginia",510310206003,1512,950,950,950,0,0,562,51,31,20600,3
"Block Group 3, Census Tract 207, Campbell County, Virginia",510310207003,1195,623,623,515,108,0,572,51,31,20700,3
"Block Group 2, Census Tract 209, Campbell County, Virginia",510310209002,1270,778,778,761,17,0,492,51,31,20900,2
"Block Group 2, Census Tract 301, Caroline County, Virginia",510330301002,1628,1065,1065,1065,0,0,563,51,33,30100,2
"Block Group 1, Census Tract 302.02, Caroline County, Virginia",510330302021,1387,838,838,757,81,0,549,51,33,30202,1
"Block Group 3, Census Tract 303, Caroline County, Virginia",510330303003,864,568,568,565,3,0,296,51,33,30300,3
"Block Group 1, Census Tract 305.01, Caroline County, Virginia",510330305011,1604,1079,1079,1011,68,0,525,51,33,30501,1
"Block Group 2, Census Tract 305.02, Caroline County, Virginia",510330305022,1158,644,644,644,0,0,514,51,33,30502,2
"Block Group 4, Census Tract 803, Carroll County, Virginia",510350803004,1182,393,393,393,0,0,789,51,35,80300,4
"Block Group 2, Census Tract 804.01, Carroll County, Virginia",510350804012,559,322,322,322,0,0,237,51,35,80401,2
"Block Group 1, Census Tract 805.01, Carroll County, Virginia",510350805011,1497,825,825,798,27,0,672,51,35,80501,1
"Block Group 2, Census Tract 805.02, Carroll County, Virginia",510350805022,1313,836,836,833,3,0,477,51,35,80502,2
"Block Group 1, Census Tract 806.03, Carroll County, Virginia",510350806031,928,603,592,578,14,11,325,51,35,80603,1
"Block Group 1, Census Tract 806.04, Carroll County, Virginia",510350806041,1475,998,998,986,12,0,477,51,35,80604,1
"Block Group 1, Census Tract 6002, Charles City County, Virginia",510366002001,1186,664,662,623,39,2,522,51,36,600200,1
"Block Group 2, Census Tract 6003, Charles City County, Virginia",510366003002,757,441,441,438,3,0,316,51,36,600300,2
"Block Group 1, Census Tract 9301.02, Charlotte County, Virginia",510379301021,1030,361,361,360,1,0,669,51,37,930102,1
"Block Group 1, Census Tract 8503.02, Prince George County, Virginia",511498503021,1671,1058,1027,936,91,31,613,51,149,850302,1
"Block Group 2, Census Tract 8504, Prince George County, Virginia",511498504002,922,583,583,583,0,0,339,51,149,850400,2
"Block Group 1, Census Tract 8505.01, Prince George County, Virginia",511498505011,1794,1178,1178,1069,109,0,616,51,149,850501,1
"Block Group 3, Census Tract 9002.03, Prince William County, Virginia",511539002033,1500,1187,1171,1014,157,16,313,51,153,900203,3
"Block Group 1, Census Tract 9003.02, Prince William County, Virginia",511539003021,1554,1169,1117,1117,0,52,385,51,153,900302,1
"Block Group 4, Census Tract 9003.02, Prince William County, Virginia",511539003024,856,796,712,712,0,84,60,51,153,900302,4
"Block Group 3, Census Tract 9004.03, Prince William County, Virginia",511539004033,1282,944,944,905,39,0,338,51,153,900403,3
"Block Group 6, Census Tract 9004.03, Prince William County, Virginia",511539004036,25,16,16,16,0,0,9,51,153,900403,6
"Block Group 3, Census Tract 9004.04, Prince William County, Virginia",511539004043,1074,813,766,719,47,47,261,51,153,900404,3
"Block Group 3, Census Tract 9004.07, Prince William County, Virginia",511539004073,1581,1170,1113,1098,15,57,411,51,153,900407,3
"Block Group 2, Census Tract 9004.08, Prince William County, Virginia",511539004082,1227,831,831,831,0,0,396,51,153,900408,2
"Block Group 2, Census Tract 9004.09, Prince William County, Virginia",511539004092,1834,1372,1372,1263,109,0,462,51,153,900409,2
"Block Group 2, Census Tract 9004.10, Prince William County, Virginia",511539004102,713,650,612,568,44,38,63,51,153,900410,2
"Block Group 2, Census Tract 9005.02, Prince William County, Virginia",511539005022,897,825,784,687,97,41,72,51,153,900502,2
"Block Group 2, Census Tract 9005.03, Prince William County, Virginia",511539005032,545,428,428,398,30,0,117,51,153,900503,2
"Block Group 3, Census Tract 9005.04, Prince William County, Virginia",511539005043,604,477,477,421,56,0,127,51,153,900504,3
"Block Group 3, Census Tract 9008.01, Prince William County, Virginia",511539008013,1801,1207,1159,1055,104,48,594,51,153,900801,3
"Block Group 2, Census Tract 9008.03, Prince William County, Virginia",511539008032,1297,993,921,897,24,72,304,51,153,900803,2
"Block Group 2, Census Tract 9008.04, Prince William County, Virginia",511539008042,919,784,734,704,30,50,135,51,153,900804,2
"Block Group 3, Census Tract 9009.01, Prince William County, Virginia",511539009013,1369,1027,992,931,61,35,342,51,153,900901,3
"Block Group 2, Census Tract 9009.04, Prince William County, Virginia",511539009042,829,606,606,599,7,0,223,51,153,900904,2
"Block Group 1, Census Tract 9009.05, Prince William County, Virginia",511539009051,1109,749,749,682,67,0,360,51,153,900905,1
"Block Group 1, Census Tract 9010.05, Prince William County, Virginia",511539010051,2952,2351,2276,2222,54,75,601,51,153,901005,1
"Block Group 2, Census Tract 9010.09, Prince William County, Virginia",511539010092,889,687,634,623,11,53,202,51,153,901009,2
"Block Group 1, Census Tract 9010.10, Prince William County, Virginia",511539010101,1019,661,631,623,8,30,358,51,153,901010,1
"Block Group 1, Census Tract 9010.11, Prince William County, Virginia",511539010111,2647,1949,1899,1792,107,50,698,51,153,901011,1
"Block Group 1, Census Tract 9010.12, Prince William County, Virginia",511539010121,2752,1345,1292,1227,65,53,1407,51,153,901012,1
"Block Group 2, Census Tract 9010.13, Prince William County, Virginia",511539010132,639,449,428,428,0,21,190,51,153,901013,2
"Block Group 1, Census Tract 9010.15, Prince William County, Virginia",511539010151,1414,1061,1061,1017,44,0,353,51,153,901015,1
"Block Group 2, Census Tract 9010.16, Prince William County, Virginia",511539010162,1312,963,963,871,92,0,349,51,153,901016,2
"Block Group 2, Census Tract 9012.11, Prince William County, Virginia",511539012112,1237,842,842,777,65,0,395,51,153,901211,2
"Block Group 2, Census Tract 9012.12, Prince William County, Virginia",511539012122,1503,856,856,837,19,0,647,51,153,901212,2
"Block Group 1, Census Tract 9012.19, Prince William County, Virginia",511539012191,1656,994,950,942,8,44,662,51,153,901219,1
"Block Group 4, Census Tract 9012.19, Prince William County, Virginia",511539012194,619,367,367,321,46,0,252,51,153,901219,4
"Block Group 3, Census Tract 9012.21, Prince William County, Virginia",511539012213,1425,1072,1022,1022,0,50,353,51,153,901221,3
"Block Group 2, Census Tract 9012.22, Prince William County, Virginia",511539012222,707,502,492,455,37,10,205,51,153,901222,2
"Block Group 3, Census Tract 9012.23, Prince William County, Virginia",511539012233,928,618,614,485,129,4,310,51,153,901223,3
"Block Group 3, Census Tract 9012.24, Prince William County, Virginia",511539012243,646,378,371,285,86,7,268,51,153,901224,3
"Block Group 3, Census Tract 9012.25, Prince William County, Virginia",511539012253,1339,883,868,819,49,15,456,51,153,901225,3
"Block Group 2, Census Tract 4.02, Staunton city, Virginia",517900004022,1270,340,340,321,19,0,930,51,790,402,2
"Block Group 3, Census Tract 5, Staunton city, Virginia",517900005003,1151,642,642,626,16,0,509,51,790,500,3
"Block Group 1, Census Tract 651, Suffolk city, Virginia",518000651001,429,275,275,230,45,0,154,51,800,65100,1
"Block Group 2, Census Tract 652, Suffolk city, Virginia",518000652002,810,459,459,434,25,0,351,51,800,65200,2
"Block Group 1, Census Tract 653.02, Suffolk city, Virginia",518000653021,510,285,285,263,22,0,225,51,800,65302,1
"Block Group 2, Census Tract 654.01, Suffolk city, Virginia",518000654012,709,530,530,482,48,0,179,51,800,65401,2
"Block Group 1, Census Tract 655, Suffolk city, Virginia",518000655001,497,148,148,133,15,0,349,51,800,65500,1
"Block Group 3, Census Tract 655, Suffolk city, Virginia",518000655003,684,392,367,338,29,25,292,51,800,65500,3
"Block Group 2, Census Tract 751.03, Suffolk city, Virginia",518000751032,1528,1127,1022,1012,10,105,401,51,800,75103,2
"Block Group 1, Census Tract 751.05, Suffolk city, Virginia",518000751051,308,271,271,252,19,0,37,51,800,75105,1
"Block Group 1, Census Tract 752.08, Suffolk city, Virginia",518000752081,1557,990,990,898,92,0,567,51,800,75208,1
"Block Group 2, Census Tract 753.01, Suffolk city, Virginia",518000753012,491,260,260,255,5,0,231,51,800,75301,2
"Block Group 1, Census Tract 753.02, Suffolk city, Virginia",518000753021,724,406,365,359,6,41,318,51,800,75302,1
"Block Group 1, Census Tract 754.01, Suffolk city, Virginia",518000754011,607,452,446,395,51,6,155,51,800,75401,1
"Block Group 2, Census Tract 754.02, Suffolk city, Virginia",518000754022,515,417,417,405,12,0,98,51,800,75402,2
"Block Group 1, Census Tract 754.04, Suffolk city, Virginia",518000754041,953,604,595,580,15,9,349,51,800,75404,1
"Block Group 3, Census Tract 754.05, Suffolk city, Virginia",518000754053,757,396,383,378,5,13,361,51,800,75405,3
"Block Group 1, Census Tract 754.07, Suffolk city, Virginia",518000754071,573,281,240,240,0,41,292,51,800,75407,1
"Block Group 2, Census Tract 755.02, Suffolk city, Virginia",518000755022,621,448,427,427,0,21,173,51,800,75502,2
"Block Group 2, Census Tract 755.03, Suffolk city, Virginia",518000755032,1317,842,740,636,104,102,475,51,800,75503,2
"Block Group 3, Census Tract 755.04, Suffolk city, Virginia",518000755043,448,291,252,201,51,39,157,51,800,75504,3
"Block Group 2, Census Tract 756.01, Suffolk city, Virginia",518000756012,1958,1317,1317,1042,275,0,641,51,800,75601,2
"Block Group 2, Census Tract 757.01, Suffolk city, Virginia",518000757012,567,385,385,356,29,0,182,51,800,75701,2
"Block Group 3, Census Tract 757.02, Suffolk city, Virginia",518000757023,806,565,553,431,122,12,241,51,800,75702,3
"Block Group 2, Census Tract 757.03, Suffolk city, Virginia",518000757032,656,457,451,435,16,6,199,51,800,75703,2
"Block Group 3, Census Tract 758.01, Suffolk city, Virginia",518000758013,622,426,426,401,25,0,196,51,800,75801,3
"Block Group 4, Census Tract 404.04, Virginia Beach city, Virginia",518100404044,1257,816,761,751,10,55,441,51,810,40404,4
"Block Group 2, Census Tract 404.05, Virginia Beach city, Virginia",518100404052,2135,1726,1726,1668,58,0,409,51,810,40405,2
"Block Group 3, Census Tract 404.06, Virginia Beach city, Virginia",518100404063,775,690,690,668,22,0,85,51,810,40406,3
"Block Group 3, Census Tract 406, Virginia Beach city, Virginia",518100406003,841,665,665,655,10,0,176,51,810,40600,3
"Block Group 2, Census Tract 408.01, Virginia Beach city, Virginia",518100408012,659,443,443,421,22,0,216,51,810,40801,2
"Block Group 1, Census Tract 408.02, Virginia Beach city, Virginia",518100408021,396,286,286,267,19,0,110,51,810,40802,1
"Block Group 4, Census Tract 408.02, Virginia Beach city, Virginia",518100408024,398,237,225,218,7,12,161,51,810,40802,4
"Block Group 1, Census Tract 410.03, Virginia Beach city, Virginia",518100410031,586,393,369,363,6,24,193,51,810,41003,1
"Block Group 4, Census Tract 410.03, Virginia Beach city, Virginia",518100410034,581,405,405,404,1,0,176,51,810,41003,4
"Block Group 3, Census Tract 410.04, Virginia Beach city, Virginia",518100410043,814,453,413,382,31,40,361,51,810,41004,3
"Block Group 3, Census Tract 412, Virginia Beach city, Virginia",518100412003,1024,636,584,584,0,52,388,51,810,41200,3
"Block Group 1, Census Tract 414, Virginia Beach city, Virginia",518100414001,1810,1137,1118,1072,46,19,673,51,810,41400,1
"Block Group 1, Census Tract 416, Virginia Beach city, Virginia",518100416001,998,706,660,552,108,46,292,51,810,41600,1
"Block Group 4, Census Tract 416, Virginia Beach city, Virginia",518100416004,486,279,279,254,25,0,207,51,810,41600,4
"Block Group 3, Census Tract 418.01, Virginia Beach city, Virginia",518100418013,977,740,637,620,17,103,237,51,810,41801,3
"Block Group 2, Census Tract 703, Augusta County, Virginia",510150703002,1372,1025,1025,1025,0,0,347,51,15,70300,2
"Block Group 5, Census Tract 101, Buchanan County, Virginia",510270101005,551,262,262,225,37,0,289,51,27,10100,5
"Block Group 2, Census Tract 304, Caroline County, Virginia",510330304002,984,629,629,623,6,0,355,51,33,30400,2
"Block Group 2, Census Tract 9301.02, Charlotte County, Virginia",510379301022,925,433,433,433,0,0,492,51,37,930102,2
"Block Group 4, Census Tract 1005.05, Chesterfield County, Virginia",510411005054,740,583,583,583,0,0,157,51,41,100505,4
"Block Group 3, Census Tract 1008.16, Chesterfield County, Virginia",510411008163,769,561,561,502,59,0,208,51,41,100816,3
"Block Group 1, Census Tract 1009.29, Chesterfield County, Virginia",510411009291,603,434,434,416,18,0,169,51,41,100929,1
"Block Group 3, Census Tract 1010.07, Chesterfield County, Virginia",510411010073,2712,1827,1806,1730,76,21,885,51,41,101007,3
"Block Group 1, Census Tract 8404, Dinwiddie County, Virginia",510538404001,742,264,264,260,4,0,478,51,53,840400,1
"Block Group 2, Census Tract 9508, Essex County, Virginia",510579508002,1535,784,784,707,77,0,751,51,57,950800,2
"Block Group 3, Census Tract 4313, Fairfax County, Virginia",510594313003,842,644,599,584,15,45,198,51,59,431300,3
"Block Group 2, Census Tract 4805.02, Fairfax County, Virginia",510594805022,433,333,326,305,21,7,100,51,59,480502,2
"Block Group 2, Census Tract 4816, Fairfax County, Virginia",510594816002,1274,865,865,832,33,0,409,51,59,481600,2
"Block Group 2, Census Tract 4826.01, Fairfax County, Virginia",510594826012,2777,2244,2230,2177,53,14,533,51,59,482601,2
"Block Group 1, Census Tract 4915.02, Fairfax County, Virginia",510594915021,2260,1488,1488,1470,18,0,772,51,59,491502,1
"Block Group 1, Census Tract 9302.07, Fauquier County, Virginia",510619302071,1404,1002,998,985,13,4,402,51,61,930207,1
"Block Group 3, Census Tract 203, Fluvanna County, Virginia",510650203003,560,395,395,395,0,0,165,51,65,20300,3
"Block Group 3, Census Tract 506, Frederick County, Virginia",510690506003,1040,753,749,731,18,4,287,51,69,50600,3
"Block Group 3, Census Tract 9303, Giles County, Virginia",510719303003,391,229,229,229,0,0,162,51,71,930300,3
"Block Group 2, Census Tract 301.01, Greene County, Virginia",510790301012,1557,864,863,811,52,1,693,51,79,30101,2
"Block Group 3, Census Tract 2001.09, Henrico County, Virginia",510872001093,1308,1008,1008,974,34,0,300,51,87,200109,3
"Block Group 2, Census Tract 2001.44, Henrico County, Virginia",510872001442,966,756,756,711,45,0,210,51,87,200144,2
"Block Group 1, Census Tract 2004.12, Henrico County, Virginia",510872004121,724,456,456,445,11,0,268,51,87,200412,1
"Block Group 3, Census Tract 2010.01, Henrico County, Virginia",510872010013,606,454,454,454,0,0,152,51,87,201001,3
"Block Group 3, Census Tract 103, Henry County, Virginia",510890103003,1336,679,679,671,8,0,657,51,89,10300,3
"Block Group 1, Census Tract 801.03, James City County, Virginia",510950801031,1447,770,752,711,41,18,677,51,95,80103,1
"Block Group 3, Census Tract 6108, Loudoun County, Virginia",511076108003,1314,752,752,734,18,0,562,51,107,610800,3
"Block Group 1, Census Tract 6110.20, Loudoun County, Virginia",511076110201,1562,1279,1279,1279,0,0,283,51,107,611020,1
"Block Group 1, Census Tract 6116.02, Loudoun County, Virginia",511076116021,1001,790,790,769,21,0,211,51,107,611602,1
"Block Group 2, Census Tract 9301, Lunenburg County, Virginia",511119301002,1647,396,396,396,0,0,1251,51,111,930100,2
"Block Group 3, Census Tract 9301.01, Mecklenburg County, Virginia",511179301013,799,506,506,487,19,0,293,51,117,930101,3
"Block Group 1, Census Tract 204.02, Montgomery County, Virginia",511210204021,1191,474,474,448,26,0,717,51,121,20402,1
"Block Group 1, Census Tract 9502.02, Nelson County, Virginia",511259502021,855,509,509,488,21,0,346,51,125,950202,1
"Block Group 2, Census Tract 1101.05, Orange County, Virginia",511371101052,1234,790,790,790,0,0,444,51,137,110105,2
"Block Group 1, Census Tract 101, Pittsylvania County, Virginia",511430101001,724,319,319,291,28,0,405,51,143,10100,1
"Block Group 2, Census Tract 8505.02, Prince George County, Virginia",511498505022,2102,1312,1301,1301,0,11,790,51,149,850502,2
"Block Group 2, Census Tract 9019, Prince William County, Virginia",511539019002,2134,1690,1677,1602,75,13,444,51,153,901900,2
"Block Group 2, Census Tract 104, Rockingham County, Virginia",511650104002,841,528,528,503,25,0,313,51,165,10400,2
"Block Group 1, Census Tract 116, Rockingham County, Virginia",511650116001,908,646,646,632,14,0,262,51,165,11600,1
"Block Group 3, Census Tract 305, Scott County, Virginia",511690305003,1047,458,458,428,30,0,589,51,169,30500,3
"Block Group 3, Census Tract 101.05, Stafford County, Virginia",511790101053,484,381,340,328,12,41,103,51,179,10105,3
"Block Group 2, Census Tract 9302, Charlotte County, Virginia",510379302002,1027,623,623,616,7,0,404,51,37,930200,2
"Block Group 2, Census Tract 9303, Charlotte County, Virginia",510379303002,1062,514,514,490,24,0,548,51,37,930300,2
"Block Group 2, Census Tract 1001.06, Chesterfield County, Virginia",510411001062,1235,724,724,697,27,0,511,51,41,100106,2
"Block Group 1, Census Tract 1002.06, Chesterfield County, Virginia",510411002061,554,466,466,466,0,0,88,51,41,100206,1
"Block Group 4, Census Tract 1002.06, Chesterfield County, Virginia",510411002064,1815,1290,1290,1290,0,0,525,51,41,100206,4
"Block Group 2, Census Tract 1002.08, Chesterfield County, Virginia",510411002082,1095,519,519,500,19,0,576,51,41,100208,2
"Block Group 4, Census Tract 1004.03, Chesterfield County, Virginia",510411004034,928,700,700,700,0,0,228,51,41,100403,4
"Block Group 1, Census Tract 1004.05, Chesterfield County, Virginia",510411004051,1104,851,851,781,70,0,253,51,41,100405,1
"Block Group 1, Census Tract 1004.07, Chesterfield County, Virginia",510411004071,300,165,165,165,0,0,135,51,41,100407,1
"Block Group 1, Census Tract 1004.09, Chesterfield County, Virginia",510411004091,1406,934,934,934,0,0,472,51,41,100409,1
"Block Group 4, Census Tract 1004.09, Chesterfield County, Virginia",510411004094,1817,1085,1085,1085,0,0,732,51,41,100409,4
"Block Group 2, Census Tract 1004.10, Chesterfield County, Virginia",510411004102,751,436,436,436,0,0,315,51,41,100410,2
"Block Group 3, Census Tract 1005.05, Chesterfield County, Virginia",510411005053,915,685,685,654,31,0,230,51,41,100505,3
"Block Group 1, Census Tract 1005.06, Chesterfield County, Virginia",510411005061,240,117,117,117,0,0,123,51,41,100506,1
"Block Group 4, Census Tract 1005.06, Chesterfield County, Virginia",510411005064,1365,1219,1219,1188,31,0,146,51,41,100506,4
"Block Group 2, Census Tract 1005.07, Chesterfield County, Virginia",510411005072,1585,911,911,911,0,0,674,51,41,100507,2
"Block Group 2, Census Tract 1005.08, Chesterfield County, Virginia",510411005082,2344,1727,1727,1690,37,0,617,51,41,100508,2
"Block Group 3, Census Tract 1005.09, Chesterfield County, Virginia",510411005093,1129,650,650,632,18,0,479,51,41,100509,3
"Block Group 2, Census Tract 1005.10, Chesterfield County, Virginia",510411005102,1582,973,964,903,61,9,609,51,41,100510,2
"Block Group 3, Census Tract 1006, Chesterfield County, Virginia",510411006003,468,358,358,358,0,0,110,51,41,100600,3
"Block Group 3, Census Tract 1008.05, Chesterfield County, Virginia",510411008053,804,451,451,412,39,0,353,51,41,100805,3
"Block Group 2, Census Tract 1008.06, Chesterfield County, Virginia",510411008062,1499,885,885,783,102,0,614,51,41,100806,2
"Block Group 2, Census Tract 1008.12, Chesterfield County, Virginia",510411008122,2120,1550,1550,1493,57,0,570,51,41,100812,2
"Block Group 2, Census Tract 1008.14, Chesterfield County, Virginia",510411008142,1374,902,902,837,65,0,472,51,41,100814,2
"Block Group 1, Census Tract 1008.16, Chesterfield County, Virginia",510411008161,959,710,710,663,47,0,249,51,41,100816,1
"Block Group 1, Census Tract 1008.17, Chesterfield County, Virginia",510411008171,1634,1088,1088,1028,60,0,546,51,41,100817,1
"Block Group 2, Census Tract 1008.18, Chesterfield County, Virginia",510411008182,2799,2249,2242,2093,149,7,550,51,41,100818,2
"Block Group 3, Census Tract 1008.19, Chesterfield County, Virginia",510411008193,1731,1318,1313,1228,85,5,413,51,41,100819,3
"Block Group 2, Census Tract 1008.21, Chesterfield County, Virginia",510411008212,1877,1043,1043,1028,15,0,834,51,41,100821,2
"Block Group 2, Census Tract 1008.22, Chesterfield County, Virginia",510411008222,2413,1388,1388,1298,90,0,1025,51,41,100822,2
"Block Group 2, Census Tract 1008.23, Chesterfield County, Virginia",510411008232,700,407,407,393,14,0,293,51,41,100823,2
"Block Group 2, Census Tract 1009.02, Chesterfield County, Virginia",510411009022,1590,1073,1063,1040,23,10,517,51,41,100902,2
"Block Group 2, Census Tract 1009.07, Chesterfield County, Virginia",510411009072,905,381,381,373,8,0,524,51,41,100907,2
"Block Group 3, Census Tract 1009.10, Chesterfield County, Virginia",510411009103,1551,1204,1204,1135,69,0,347,51,41,100910,3
"Block Group 1, Census Tract 1009.22, Chesterfield County, Virginia",510411009221,1360,869,869,833,36,0,491,51,41,100922,1
"Block Group 1, Census Tract 1009.23, Chesterfield County, Virginia",510411009231,1315,1008,1008,990,18,0,307,51,41,100923,1
"Block Group 2, Census Tract 1009.24, Chesterfield County, Virginia",510411009242,2037,1169,1169,1123,46,0,868,51,41,100924,2
"Block Group 3, Census Tract 1009.26, Chesterfield County, Virginia",510411009263,1200,905,905,883,22,0,295,51,41,100926,3
"Block Group 2, Census Tract 1009.28, Chesterfield County, Virginia",510411009282,1656,869,869,859,10,0,787,51,41,100928,2
"Block Group 3, Census Tract 9012.26, Prince William County, Virginia",511539012263,1685,1346,1346,1258,88,0,339,51,153,901226,3
"Block Group 3, Census Tract 9012.27, Prince William County, Virginia",511539012273,489,380,380,380,0,0,109,51,153,901227,3
"Block Group 3, Census Tract 9012.28, Prince William County, Virginia",511539012283,941,816,816,747,69,0,125,51,153,901228,3
"Block Group 2, Census Tract 9012.29, Prince William County, Virginia",511539012292,1379,989,980,926,54,9,390,51,153,901229,2
"Block Group 3, Census Tract 9012.30, Prince William County, Virginia",511539012303,770,646,635,617,18,11,124,51,153,901230,3
"Block Group 1, Census Tract 9012.36, Prince William County, Virginia",511539012361,810,710,688,674,14,22,100,51,153,901236,1
"Block Group 4, Census Tract 9012.36, Prince William County, Virginia",511539012364,741,473,455,455,0,18,268,51,153,901236,4
"Block Group 1, Census Tract 9013.03, Prince William County, Virginia",511539013031,1141,771,771,741,30,0,370,51,153,901303,1
"Block Group 1, Census Tract 9013.04, Prince William County, Virginia",511539013041,1704,1266,1266,1130,136,0,438,51,153,901304,1
"Block Group 2, Census Tract 9013.05, Prince William County, Virginia",511539013052,1721,1273,1218,1179,39,55,448,51,153,901305,2
"Block Group 3, Census Tract 9013.06, Prince William County, Virginia",511539013063,1217,687,687,671,16,0,530,51,153,901306,3
"Block Group 2, Census Tract 9014.03, Prince William County, Virginia",511539014032,1517,1194,1194,1039,155,0,323,51,153,901403,2
"Block Group 1, Census Tract 9014.07, Prince William County, Virginia",511539014071,1810,1416,1416,1346,70,0,394,51,153,901407,1
"Block Group 2, Census Tract 9014.09, Prince William County, Virginia",511539014092,2129,1642,1626,1575,51,16,487,51,153,901409,2
"Block Group 5, Census Tract 9014.09, Prince William County, Virginia",511539014095,0,0,0,0,0,0,0,51,153,901409,5
"Block Group 8, Census Tract 9014.09, Prince William County, Virginia",511539014098,33,33,33,33,0,0,0,51,153,901409,8
"Block Group 3, Census Tract 9014.11, Prince William County, Virginia",511539014113,1703,1355,1330,1255,75,25,348,51,153,901411,3
"Block Group 2, Census Tract 9014.12, Prince William County, Virginia",511539014122,2002,1643,1631,1631,0,12,359,51,153,901412,2
"Block Group 2, Census Tract 9014.13, Prince William County, Virginia",511539014132,1083,977,977,856,121,0,106,51,153,901413,2
"Block Group 1, Census Tract 9014.20, Prince William County, Virginia",511539014201,1739,1136,1136,1136,0,0,603,51,153,901420,1
"Block Group 2, Census Tract 9014.21, Prince William County, Virginia",511539014212,0,0,0,0,0,0,0,51,153,901421,2
"Block Group 2, Census Tract 9015.03, Prince William County, Virginia",511539015032,1160,673,648,648,0,25,487,51,153,901503,2
"Block Group 1, Census Tract 9015.04, Prince William County, Virginia",511539015041,622,43,43,43,0,0,579,51,153,901504,1
"Block Group 4, Census Tract 9015.04, Prince William County, Virginia",511539015044,1602,750,750,716,34,0,852,51,153,901504,4
"Block Group 3, Census Tract 9015.05, Prince William County, Virginia",511539015053,1334,1075,1058,987,71,17,259,51,153,901505,3
"Block Group 2, Census Tract 9015.06, Prince William County, Virginia",511539015062,2664,1887,1872,1860,12,15,777,51,153,901506,2
"Block Group 2, Census Tract 9015.07, Prince William County, Virginia",511539015072,1101,947,947,918,29,0,154,51,153,901507,2
"Block Group 3, Census Tract 9015.08, Prince William County, Virginia",511539015083,1592,1308,1308,1253,55,0,284,51,153,901508,3
"Block Group 3, Census Tract 9015.09, Prince William County, Virginia",511539015093,1657,1141,1141,1061,80,0,516,51,153,901509,3
"Block Group 3, Census Tract 9015.10, Prince William County, Virginia",511539015103,1001,692,692,692,0,0,309,51,153,901510,3
"Block Group 1, Census Tract 9016.01, Prince William County, Virginia",511539016011,744,446,446,434,12,0,298,51,153,901601,1
"Block Group 1, Census Tract 9016.02, Prince William County, Virginia",511539016021,522,383,383,383,0,0,139,51,153,901602,1
"Block Group 4, Census Tract 9016.02, Prince William County, Virginia",511539016024,800,745,745,745,0,0,55,51,153,901602,4
"Block Group 1, Census Tract 9801, Prince William County, Virginia",511539801001,0,0,0,0,0,0,0,51,153,980100,1
"Block Group 3, Census Tract 2101.01, Pulaski County, Virginia",511552101013,1518,783,783,719,64,0,735,51,155,210101,3
"Block Group 1, Census Tract 2102.01, Pulaski County, Virginia",511552102011,1127,574,574,518,56,0,553,51,155,210201,1
"Block Group 1, Census Tract 2102.02, Pulaski County, Virginia",511552102021,1100,561,561,549,12,0,539,51,155,210202,1
"Block Group 1, Census Tract 2103, Pulaski County, Virginia",511552103001,405,275,275,275,0,0,130,51,155,210300,1
"Block Group 4, Census Tract 2103, Pulaski County, Virginia",511552103004,598,375,375,363,12,0,223,51,155,210300,4
"Block Group 4, Census Tract 422.02, Virginia Beach city, Virginia",518100422024,684,358,341,322,19,17,326,51,810,42202,4
"Block Group 3, Census Tract 424, Virginia Beach city, Virginia",518100424003,969,628,594,594,0,34,341,51,810,42400,3
"Block Group 2, Census Tract 426, Virginia Beach city, Virginia",518100426002,993,838,803,795,8,35,155,51,810,42600,2
"Block Group 3, Census Tract 428.01, Virginia Beach city, Virginia",518100428013,668,528,505,505,0,23,140,51,810,42801,3
"Block Group 1, Census Tract 428.02, Virginia Beach city, Virginia",518100428021,1379,949,855,822,33,94,430,51,810,42802,1
"Block Group 1, Census Tract 430.02, Virginia Beach city, Virginia",518100430021,1750,924,918,876,42,6,826,51,810,43002,1
"Block Group 2, Census Tract 430.04, Virginia Beach city, Virginia",518100430042,1050,830,745,721,24,85,220,51,810,43004,2
"Block Group 2, Census Tract 430.05, Virginia Beach city, Virginia",518100430052,1245,247,222,222,0,25,998,51,810,43005,2
"Block Group 1, Census Tract 432, Virginia Beach city, Virginia",518100432001,844,644,218,201,17,426,200,51,810,43200,1
"Block Group 1, Census Tract 436, Virginia Beach city, Virginia",518100436001,739,426,415,415,0,11,313,51,810,43600,1
"Block Group 2, Census Tract 438, Virginia Beach city, Virginia",518100438002,673,394,394,384,10,0,279,51,810,43800,2
"Block Group 1, Census Tract 440.04, Virginia Beach city, Virginia",518100440041,1091,790,723,583,140,67,301,51,810,44004,1
"Block Group 1, Census Tract 440.05, Virginia Beach city, Virginia",518100440051,737,680,595,526,69,85,57,51,810,44005,1
"Block Group 2, Census Tract 440.06, Virginia Beach city, Virginia",518100440062,837,607,593,554,39,14,230,51,810,44006,2
"Block Group 2, Census Tract 440.07, Virginia Beach city, Virginia",518100440072,729,715,669,657,12,46,14,51,810,44007,2
"Block Group 1, Census Tract 446, Virginia Beach city, Virginia",518100446001,1358,1033,1018,999,19,15,325,51,810,44600,1
"Block Group 4, Census Tract 446, Virginia Beach city, Virginia",518100446004,1458,892,876,859,17,16,566,51,810,44600,4
"Block Group 3, Census Tract 448.05, Virginia Beach city, Virginia",518100448053,1393,1268,1045,1034,11,223,125,51,810,44805,3
"Block Group 3, Census Tract 448.06, Virginia Beach city, Virginia",518100448063,472,325,325,318,7,0,147,51,810,44806,3
"Block Group 3, Census Tract 448.07, Virginia Beach city, Virginia",518100448073,747,578,510,501,9,68,169,51,810,44807,3
"Block Group 1, Census Tract 448.08, Virginia Beach city, Virginia",518100448081,2115,1513,1454,1429,25,59,602,51,810,44808,1
"Block Group 1, Census Tract 450, Virginia Beach city, Virginia",518100450001,2383,2359,213,213,0,2146,24,51,810,45000,1
"Block Group 3, Census Tract 452, Virginia Beach city, Virginia",518100452003,1306,1279,86,73,13,1193,27,51,810,45200,3
"Block Group 3, Census Tract 454.05, Virginia Beach city, Virginia",518100454053,579,546,480,435,45,66,33,51,810,45405,3
"Block Group 1, Census Tract 454.07, Virginia Beach city, Virginia",518100454071,854,633,620,577,43,13,221,51,810,45407,1
"Block Group 1, Census Tract 454.08, Virginia Beach city, Virginia",518100454081,802,574,528,521,7,46,228,51,810,45408,1
"Block Group 4, Census Tract 454.08, Virginia Beach city, Virginia",518100454084,1461,1000,1000,968,32,0,461,51,810,45408,4
"Block Group 2, Census Tract 454.14, Virginia Beach city, Virginia",518100454142,2253,1457,1420,1234,186,37,796,51,810,45414,2
"Block Group 5, Census Tract 454.14, Virginia Beach city, Virginia",518100454145,944,710,678,613,65,32,234,51,810,45414,5
"Block Group 3, Census Tract 454.26, Virginia Beach city, Virginia",518100454263,1898,1425,1386,1373,13,39,473,51,810,45426,3
"Block Group 3, Census Tract 454.27, Virginia Beach city, Virginia",518100454273,1537,1282,1164,1056,108,118,255,51,810,45427,3
"Block Group 1, Census Tract 454.29, Virginia Beach city, Virginia",518100454291,1865,1384,1343,1329,14,41,481,51,810,45429,1
"Block Group 2, Census Tract 454.30, Virginia Beach city, Virginia",518100454302,858,638,600,531,69,38,220,51,810,45430,2
"Block Group 2, Census Tract 454.31, Virginia Beach city, Virginia",518100454312,1546,1249,1107,1071,36,142,297,51,810,45431,2
"Block Group 3, Census Tract 454.32, Virginia Beach city, Virginia",518100454323,1270,905,712,712,0,193,365,51,810,45432,3
"Block Group 1, Census Tract 454.34, Virginia Beach city, Virginia",518100454341,2212,1309,1296,1231,65,13,903,51,810,45434,1
"Block Group 2, Census Tract 456.01, Virginia Beach city, Virginia",518100456012,1870,1471,1427,1348,79,44,399,51,810,45601,2
"Block Group 1, Census Tract 456.05, Virginia Beach city, Virginia",518100456051,1025,934,817,715,102,117,91,51,810,45605,1
"Block Group 2, Census Tract 456.06, Virginia Beach city, Virginia",518100456062,411,377,366,366,0,11,34,51,810,45606,2
"Block Group 2, Census Tract 458.01, Virginia Beach city, Virginia",518100458012,998,478,455,428,27,23,520,51,810,45801,2
"Block Group 1, Census Tract 102.18, Stafford County, Virginia",511790102181,1568,59,59,59,0,0,1509,51,179,10218,1
"Block Group 2, Census Tract 9315, Wise County, Virginia",511959315002,394,241,241,241,0,0,153,51,195,931500,2
"Block Group 3, Census Tract 502.05, York County, Virginia",511990502053,1346,798,699,692,7,99,548,51,199,50205,3
"Block Group 1, Census Tract 2012.04, Alexandria city, Virginia",515102012041,1316,1139,1139,1139,0,0,177,51,510,201204,1
"Block Group 3, Census Tract 9306.01, Buena Vista city, Virginia",515309306013,1192,653,635,629,6,18,539,51,530,930601,3
"Block Group 3, Census Tract 200.03, Chesapeake city, Virginia",515500200033,777,459,415,399,16,44,318,51,550,20003,3
"Block Group 3, Census Tract 209.12, Chesapeake city, Virginia",515500209123,1272,783,647,647,0,136,489,51,550,20912,3
"Block Group 1, Census Tract 215.03, Chesapeake city, Virginia",515500215031,1385,884,884,884,0,0,501,51,550,21503,1
"Block Group 1, Census Tract 602, Covington city, Virginia",515800602001,622,207,207,207,0,0,415,51,580,60200,1
"Block Group 1, Census Tract 3002, Fairfax city, Virginia",516003002001,717,438,438,414,24,0,279,51,600,300200,1
"Block Group 3, Census Tract 103.04, Hampton city, Virginia",516500103043,1127,1000,758,758,0,242,127,51,650,10304,3
"Block Group 3, Census Tract 116, Hampton city, Virginia",516500116003,346,202,188,172,16,14,144,51,650,11600,3
"Block Group 2, Census Tract 11, Lynchburg city, Virginia",516800011002,428,316,305,278,27,11,112,51,680,1100,2
"Block Group 1, Census Tract 311, Newport News city, Virginia",517000311001,1448,1075,1010,998,12,65,373,51,700,31100,1
"Block Group 2, Census Tract 316.04, Newport News city, Virginia",517000316042,458,312,312,299,13,0,146,51,700,31604,2
"Block Group 2, Census Tract 322.11, Newport News city, Virginia",517000322112,1217,695,642,606,36,53,522,51,700,32211,2
"Block Group 3, Census Tract 5, Norfolk city, Virginia",517100005003,281,165,165,159,6,0,116,51,710,500,3
"Block Group 4, Census Tract 29, Norfolk city, Virginia",517100029004,1112,766,736,625,111,30,346,51,710,2900,4
"Block Group 2, Census Tract 66.02, Norfolk city, Virginia",517100066022,1758,1018,987,912,75,31,740,51,710,6602,2
"Block Group 1, Census Tract 9601, Norton city, Virginia",517209601001,1018,606,606,562,44,0,412,51,720,960100,1
"Block Group 3, Census Tract 302, Richmond city, Virginia",517600302003,1274,866,866,805,61,0,408,51,760,30200,3
"Block Group 2, Census Tract 605.02, Richmond city, Virginia",517600605022,896,468,468,468,0,0,428,51,760,60502,2
"Block Group 3, Census Tract 709.02, Richmond city, Virginia",517600709023,955,766,751,727,24,15,189,51,760,70902,3
"Block Group 2, Census Tract 6.02, Roanoke city, Virginia",517700006022,1201,926,926,903,23,0,275,51,770,602,2
"Block Group 2, Census Tract 752.03, Suffolk city, Virginia",518000752032,1174,877,843,833,10,34,297,51,800,75203,2
"Block Group 4, Census Tract 454.14, Virginia Beach city, Virginia",518100454144,951,524,428,406,22,96,427,51,810,45414,4
"Block Group 1, Census Tract 458.05, Virginia Beach city, Virginia",518100458051,974,546,502,490,12,44,428,51,810,45805,1
"Block Group 2, Census Tract 462.07, Virginia Beach city, Virginia",518100462072,1212,840,778,742,36,62,372,51,810,46207,2
"Block Group 4, Census Tract 462.11, Virginia Beach city, Virginia",518100462114,507,383,355,345,10,28,124,51,810,46211,4
"Block Group 2, Census Tract 1.01, Winchester city, Virginia",518400001012,1007,814,814,792,22,0,193,51,840,101,2
"Block Group 2, Census Tract 1009.29, Chesterfield County, Virginia",510411009292,1930,1452,1452,1440,12,0,478,51,41,100929,2
"Block Group 1, Census Tract 1009.30, Chesterfield County, Virginia",510411009301,713,533,533,505,28,0,180,51,41,100930,1
"Block Group 3, Census Tract 1009.31, Chesterfield County, Virginia",510411009313,2001,1387,1387,1373,14,0,614,51,41,100931,3
"Block Group 1, Census Tract 1009.33, Chesterfield County, Virginia",510411009331,755,651,644,644,0,7,104,51,41,100933,1
"Block Group 2, Census Tract 1009.34, Chesterfield County, Virginia",510411009342,1529,1253,1253,1129,124,0,276,51,41,100934,2
"Block Group 1, Census Tract 1009.35, Chesterfield County, Virginia",510411009351,1271,696,696,696,0,0,575,51,41,100935,1
"Block Group 2, Census Tract 1009.36, Chesterfield County, Virginia",510411009362,1971,1104,1104,1054,50,0,867,51,41,100936,2
"Block Group 1, Census Tract 1009.38, Chesterfield County, Virginia",510411009381,2184,1100,1047,1013,34,53,1084,51,41,100938,1
"Block Group 2, Census Tract 1010.03, Chesterfield County, Virginia",510411010032,2001,1650,1627,1522,105,23,351,51,41,101003,2
"Block Group 1, Census Tract 1010.12, Chesterfield County, Virginia",510411010121,1503,1263,1263,1179,84,0,240,51,41,101012,1
"Block Group 1, Census Tract 1010.13, Chesterfield County, Virginia",510411010131,1246,812,812,785,27,0,434,51,41,101013,1
"Block Group 1, Census Tract 1010.15, Chesterfield County, Virginia",510411010151,2079,1311,1311,1300,11,0,768,51,41,101015,1
"Block Group 1, Census Tract 101.01, Clarke County, Virginia",510430101011,1682,797,797,729,68,0,885,51,43,10101,1
"Block Group 1, Census Tract 101.02, Clarke County, Virginia",510430101021,1203,819,819,793,26,0,384,51,43,10102,1
"Block Group 1, Census Tract 102, Clarke County, Virginia",510430102001,1450,889,889,878,11,0,561,51,43,10200,1
"Block Group 1, Census Tract 103, Clarke County, Virginia",510430103001,1437,930,930,914,16,0,507,51,43,10300,1
"Block Group 1, Census Tract 501, Craig County, Virginia",510450501001,1030,544,544,528,16,0,486,51,45,50100,1
"Block Group 4, Census Tract 501, Craig County, Virginia",510450501004,404,323,323,323,0,0,81,51,45,50100,4
"Block Group 1, Census Tract 9301.03, Culpeper County, Virginia",510479301031,2249,1477,1477,1451,26,0,772,51,47,930103,1
"Block Group 1, Census Tract 9301.04, Culpeper County, Virginia",510479301041,1233,861,861,861,0,0,372,51,47,930104,1
"Block Group 2, Census Tract 9302.02, Culpeper County, Virginia",510479302022,1502,975,975,953,22,0,527,51,47,930202,2
"Block Group 2, Census Tract 9302.03, Culpeper County, Virginia",510479302032,1682,1136,1136,1085,51,0,546,51,47,930203,2
"Block Group 1, Census Tract 9303, Culpeper County, Virginia",510479303001,760,628,628,550,78,0,132,51,47,930300,1
"Block Group 4, Census Tract 9303, Culpeper County, Virginia",510479303004,1986,1280,1280,1280,0,0,706,51,47,930300,4
"Block Group 1, Census Tract 401, Dickenson County, Virginia",510510401001,712,203,203,150,53,0,509,51,51,40100,1
"Block Group 4, Census Tract 401, Dickenson County, Virginia",510510401004,988,530,530,515,15,0,458,51,51,40100,4
"Block Group 3, Census Tract 402, Dickenson County, Virginia",510510402003,743,333,333,325,8,0,410,51,51,40200,3
"Block Group 3, Census Tract 403, Dickenson County, Virginia",510510403003,662,385,385,380,5,0,277,51,51,40300,3
"Block Group 1, Census Tract 404, Dickenson County, Virginia",510510404001,755,278,278,264,14,0,477,51,51,40400,1
"Block Group 4, Census Tract 404, Dickenson County, Virginia",510510404004,571,232,232,232,0,0,339,51,51,40400,4
"Block Group 1, Census Tract 8401.02, Dinwiddie County, Virginia",510538401021,950,729,729,596,133,0,221,51,53,840102,1
"Block Group 1, Census Tract 8402, Dinwiddie County, Virginia",510538402001,1293,828,828,755,73,0,465,51,53,840200,1
"Block Group 1, Census Tract 8403, Dinwiddie County, Virginia",510538403001,1615,1113,1113,1015,98,0,502,51,53,840300,1
"Block Group 4, Census Tract 8403, Dinwiddie County, Virginia",510538403004,1735,1238,1238,1149,89,0,497,51,53,840300,4
"Block Group 2, Census Tract 8405, Dinwiddie County, Virginia",510538405002,969,430,430,409,21,0,539,51,53,840500,2
"Block Group 1, Census Tract 8406.02, Dinwiddie County, Virginia",510538406021,974,636,636,636,0,0,338,51,53,840602,1
"Block Group 1, Census Tract 9506, Essex County, Virginia",510579506001,904,455,455,431,24,0,449,51,57,950600,1
"Block Group 1, Census Tract 9507, Essex County, Virginia",510579507001,1413,882,882,807,75,0,531,51,57,950700,1
"Block Group 3, Census Tract 9507, Essex County, Virginia",510579507003,784,522,496,402,94,26,262,51,57,950700,3
"Block Group 1, Census Tract 4154.02, Fairfax County, Virginia",510594154021,745,461,442,433,9,19,284,51,59,415402,1
"Block Group 1, Census Tract 4155, Fairfax County, Virginia",510594155001,1409,951,872,856,16,79,458,51,59,415500,1
"Block Group 2, Census Tract 2104.01, Pulaski County, Virginia",511552104012,386,223,223,166,57,0,163,51,155,210401,2
"Block Group 2, Census Tract 2104.02, Pulaski County, Virginia",511552104022,946,799,799,799,0,0,147,51,155,210402,2
"Block Group 3, Census Tract 2105, Pulaski County, Virginia",511552105003,414,225,225,216,9,0,189,51,155,210500,3
"Block Group 3, Census Tract 2106, Pulaski County, Virginia",511552106003,1123,648,648,648,0,0,475,51,155,210600,3
"Block Group 2, Census Tract 2107, Pulaski County, Virginia",511552107002,1018,632,632,617,15,0,386,51,155,210700,2
"Block Group 1, Census Tract 9802, Pulaski County, Virginia",511559802001,0,0,0,0,0,0,0,51,155,980200,1
"Block Group 1, Census Tract 9502, Rappahannock County, Virginia",511579502001,867,481,481,481,0,0,386,51,157,950200,1
"Block Group 4, Census Tract 9502, Rappahannock County, Virginia",511579502004,1011,615,615,516,99,0,396,51,157,950200,4
"Block Group 3, Census Tract 401, Richmond County, Virginia",511590401003,1390,458,458,430,28,0,932,51,159,40100,3
"Block Group 2, Census Tract 302.07, Roanoke County, Virginia",511610302072,1234,762,762,733,29,0,472,51,161,30207,2
"Block Group 3, Census Tract 303, Roanoke County, Virginia",511610303003,1259,679,679,679,0,0,580,51,161,30300,3
"Block Group 1, Census Tract 306.01, Roanoke County, Virginia",511610306011,1522,1034,1034,1019,15,0,488,51,161,30601,1
"Block Group 1, Census Tract 306.02, Roanoke County, Virginia",511610306021,1830,1071,1071,1010,61,0,759,51,161,30602,1
"Block Group 3, Census Tract 307.01, Roanoke County, Virginia",511610307013,1464,938,938,915,23,0,526,51,161,30701,3
"Block Group 2, Census Tract 307.02, Roanoke County, Virginia",511610307022,1440,873,873,821,52,0,567,51,161,30702,2
"Block Group 1, Census Tract 308.02, Roanoke County, Virginia",511610308021,580,281,281,256,25,0,299,51,161,30802,1
"Block Group 4, Census Tract 308.02, Roanoke County, Virginia",511610308024,916,723,723,723,0,0,193,51,161,30802,4
"Block Group 1, Census Tract 308.04, Roanoke County, Virginia",511610308041,1703,1130,1130,1130,0,0,573,51,161,30804,1
"Block Group 3, Census Tract 309, Roanoke County, Virginia",511610309003,478,414,414,414,0,0,64,51,161,30900,3
"Block Group 1, Census Tract 310, Roanoke County, Virginia",511610310001,1307,632,632,592,40,0,675,51,161,31000,1
"Block Group 1, Census Tract 311.01, Roanoke County, Virginia",511610311011,886,658,658,611,47,0,228,51,161,31101,1
"Block Group 3, Census Tract 311.01, Roanoke County, Virginia",511610311013,1085,747,747,725,22,0,338,51,161,31101,3
"Block Group 1, Census Tract 312.01, Roanoke County, Virginia",511610312011,1824,1173,1173,1153,20,0,651,51,161,31201,1
"Block Group 1, Census Tract 312.02, Roanoke County, Virginia",511610312021,1029,711,711,711,0,0,318,51,161,31202,1
"Block Group 4, Census Tract 312.02, Roanoke County, Virginia",511610312024,1477,804,804,788,16,0,673,51,161,31202,4
"Block Group 1, Census Tract 9304, Rockbridge County, Virginia",511639304001,812,401,401,390,11,0,411,51,163,930400,1
"Block Group 4, Census Tract 9304, Rockbridge County, Virginia",511639304004,744,382,382,374,8,0,362,51,163,930400,4
"Block Group 1, Census Tract 102, Rockingham County, Virginia",511650102001,982,642,642,631,11,0,340,51,165,10200,1
"Block Group 1, Census Tract 103.01, Rockingham County, Virginia",511650103011,1590,1120,1120,1084,36,0,470,51,165,10301,1
"Block Group 3, Census Tract 103.02, Rockingham County, Virginia",511650103023,1101,691,691,650,41,0,410,51,165,10302,3
"Block Group 1, Census Tract 105, Rockingham County, Virginia",511650105001,1044,551,551,530,21,0,493,51,165,10500,1
"Block Group 2, Census Tract 106, Rockingham County, Virginia",511650106002,1219,901,901,889,12,0,318,51,165,10600,2
"Block Group 1, Census Tract 108.01, Rockingham County, Virginia",511650108011,1793,1289,1289,1184,105,0,504,51,165,10801,1
"Block Group 2, Census Tract 108.02, Rockingham County, Virginia",511650108022,1389,793,793,790,3,0,596,51,165,10802,2
"Block Group 1, Census Tract 110, Rockingham County, Virginia",511650110001,822,399,399,358,41,0,423,51,165,11000,1
"Block Group 1, Census Tract 111, Rockingham County, Virginia",511650111001,1258,717,717,712,5,0,541,51,165,11100,1
"Block Group 1, Census Tract 112, Rockingham County, Virginia",511650112001,745,406,402,402,0,4,339,51,165,11200,1
"Block Group 1, Census Tract 114, Rockingham County, Virginia",511650114001,791,524,524,524,0,0,267,51,165,11400,1
"Block Group 4, Census Tract 114, Rockingham County, Virginia",511650114004,1020,400,400,389,11,0,620,51,165,11400,4
"Block Group 2, Census Tract 115, Rockingham County, Virginia",511650115002,1431,711,711,682,29,0,720,51,165,11500,2
"Block Group 2, Census Tract 120, Rockingham County, Virginia",511650120002,1082,611,611,576,35,0,471,51,165,12000,2
"Block Group 2, Census Tract 458.03, Virginia Beach city, Virginia",518100458032,1699,1065,967,967,0,98,634,51,810,45803,2
"Block Group 2, Census Tract 458.06, Virginia Beach city, Virginia",518100458062,739,521,521,511,10,0,218,51,810,45806,2
"Block Group 1, Census Tract 458.08, Virginia Beach city, Virginia",518100458081,2218,1647,1399,1340,59,248,571,51,810,45808,1
"Block Group 2, Census Tract 460.09, Virginia Beach city, Virginia",518100460092,1051,753,726,719,7,27,298,51,810,46009,2
"Block Group 1, Census Tract 460.10, Virginia Beach city, Virginia",518100460101,498,285,275,265,10,10,213,51,810,46010,1
"Block Group 1, Census Tract 460.13, Virginia Beach city, Virginia",518100460131,1728,1310,1220,1209,11,90,418,51,810,46013,1
"Block Group 1, Census Tract 460.14, Virginia Beach city, Virginia",518100460141,1638,1329,1292,1292,0,37,309,51,810,46014,1
"Block Group 1, Census Tract 460.15, Virginia Beach city, Virginia",518100460151,1264,961,886,803,83,75,303,51,810,46015,1
"Block Group 4, Census Tract 460.15, Virginia Beach city, Virginia",518100460154,563,425,413,363,50,12,138,51,810,46015,4
"Block Group 2, Census Tract 460.17, Virginia Beach city, Virginia",518100460172,274,214,170,170,0,44,60,51,810,46017,2
"Block Group 3, Census Tract 460.18, Virginia Beach city, Virginia",518100460183,725,480,410,410,0,70,245,51,810,46018,3
"Block Group 2, Census Tract 460.19, Virginia Beach city, Virginia",518100460192,1282,951,760,706,54,191,331,51,810,46019,2
"Block Group 1, Census Tract 462.04, Virginia Beach city, Virginia",518100462041,2022,1261,1139,1052,87,122,761,51,810,46204,1
"Block Group 2, Census Tract 462.06, Virginia Beach city, Virginia",518100462062,2148,1416,1358,1326,32,58,732,51,810,46206,2
"Block Group 1, Census Tract 462.07, Virginia Beach city, Virginia",518100462071,2267,1573,1475,1411,64,98,694,51,810,46207,1
"Block Group 4, Census Tract 462.07, Virginia Beach city, Virginia",518100462074,403,340,320,299,21,20,63,51,810,46207,4
"Block Group 2, Census Tract 462.11, Virginia Beach city, Virginia",518100462112,620,374,364,356,8,10,246,51,810,46211,2
"Block Group 1, Census Tract 462.17, Virginia Beach city, Virginia",518100462171,932,676,655,585,70,21,256,51,810,46217,1
"Block Group 1, Census Tract 462.19, Virginia Beach city, Virginia",518100462191,1616,1281,1137,1110,27,144,335,51,810,46219,1
"Block Group 2, Census Tract 462.20, Virginia Beach city, Virginia",518100462202,1529,910,846,846,0,64,619,51,810,46220,2
"Block Group 2, Census Tract 462.21, Virginia Beach city, Virginia",518100462212,968,736,736,685,51,0,232,51,810,46221,2
"Block Group 2, Census Tract 462.22, Virginia Beach city, Virginia",518100462222,497,368,358,358,0,10,129,51,810,46222,2
"Block Group 5, Census Tract 462.22, Virginia Beach city, Virginia",518100462225,525,244,223,223,0,21,281,51,810,46222,5
"Block Group 3, Census Tract 462.23, Virginia Beach city, Virginia",518100462233,600,362,327,327,0,35,238,51,810,46223,3
"Block Group 3, Census Tract 462.24, Virginia Beach city, Virginia",518100462243,1159,871,758,728,30,113,288,51,810,46224,3
"Block Group 3, Census Tract 462.25, Virginia Beach city, Virginia",518100462253,1655,1390,1275,1268,7,115,265,51,810,46225,3
"Block Group 3, Census Tract 464, Virginia Beach city, Virginia",518100464003,885,571,555,536,19,16,314,51,810,46400,3
"Block Group 1, Census Tract 31, Waynesboro city, Virginia",518200031001,791,498,490,490,0,8,293,51,820,3100,1
"Block Group 3, Census Tract 32, Waynesboro city, Virginia",518200032003,531,319,319,248,71,0,212,51,820,3200,3
"Block Group 2, Census Tract 33, Waynesboro city, Virginia",518200033002,852,420,420,392,28,0,432,51,820,3300,2
"Block Group 1, Census Tract 34, Waynesboro city, Virginia",518200034001,1798,1270,1270,1255,15,0,528,51,820,3400,1
"Block Group 1, Census Tract 1.01, Winchester city, Virginia",518400001011,1173,862,862,862,0,0,311,51,840,101,1
"Block Group 1, Census Tract 1.02, Winchester city, Virginia",518400001021,671,380,380,369,11,0,291,51,840,102,1
"Block Group 4, Census Tract 1.02, Winchester city, Virginia",518400001024,874,714,714,714,0,0,160,51,840,102,4
"Block Group 3, Census Tract 2.01, Winchester city, Virginia",518400002013,538,423,423,402,21,0,115,51,840,201,3
"Block Group 2, Census Tract 2.02, Winchester city, Virginia",518400002022,577,437,437,437,0,0,140,51,840,202,2
"Block Group 5, Census Tract 2.02, Winchester city, Virginia",518400002025,980,445,414,414,0,31,535,51,840,202,5
"Block Group 2, Census Tract 3.01, Winchester city, Virginia",518400003012,2570,1861,1861,1560,301,0,709,51,840,301,2
"Block Group 1, Census Tract 3.02, Winchester city, Virginia",518400003021,1136,783,783,745,38,0,353,51,840,302,1
"Block Group 4, Census Tract 3.02, Winchester city, Virginia",518400003024,1201,729,660,455,205,69,472,51,840,302,4
"Block Group 4, Census Tract 4155, Fairfax County, Virginia",510594155004,1505,650,650,546,104,0,855,51,59,415500,4
"Block Group 1, Census Tract 4157, Fairfax County, Virginia",510594157001,878,601,562,542,20,39,277,51,59,415700,1
"Block Group 2, Census Tract 4158, Fairfax County, Virginia",510594158002,1285,868,829,778,51,39,417,51,59,415800,2
"Block Group 1, Census Tract 4159, Fairfax County, Virginia",510594159001,737,517,517,517,0,0,220,51,59,415900,1
"Block Group 2, Census Tract 4160, Fairfax County, Virginia",510594160002,2472,1951,1923,1796,127,28,521,51,59,416000,2
"Block Group 2, Census Tract 4161, Fairfax County, Virginia",510594161002,1021,593,586,566,20,7,428,51,59,416100,2
"Block Group 1, Census Tract 4163, Fairfax County, Virginia",510594163001,680,493,488,464,24,5,187,51,59,416300,1
"Block Group 2, Census Tract 4201, Fairfax County, Virginia",510594201002,2800,1526,1498,1378,120,28,1274,51,59,420100,2
"Block Group 3, Census Tract 4202.01, Fairfax County, Virginia",510594202013,934,808,747,618,129,61,126,51,59,420201,3
"Block Group 1, Census Tract 4202.03, Fairfax County, Virginia",510594202031,2375,1684,1655,1603,52,29,691,51,59,420203,1
"Block Group 3, Census Tract 4203, Fairfax County, Virginia",510594203003,609,560,536,536,0,24,49,51,59,420300,3
"Block Group 2, Census Tract 4204, Fairfax County, Virginia",510594204002,1379,1177,1146,1128,18,31,202,51,59,420400,2
"Block Group 2, Census Tract 4205.02, Fairfax County, Virginia",510594205022,580,575,498,490,8,77,5,51,59,420502,2
"Block Group 2, Census Tract 4211.01, Fairfax County, Virginia",510594211012,2883,2077,2077,2015,62,0,806,51,59,421101,2
"Block Group 2, Census Tract 4211.02, Fairfax County, Virginia",510594211022,1584,1150,1055,1020,35,95,434,51,59,421102,2
"Block Group 3, Census Tract 4211.03, Fairfax County, Virginia",510594211033,600,476,476,466,10,0,124,51,59,421103,3
"Block Group 1, Census Tract 4213, Fairfax County, Virginia",510594213001,2194,1552,1487,1397,90,65,642,51,59,421300,1
"Block Group 2, Census Tract 4214, Fairfax County, Virginia",510594214002,1114,808,808,763,45,0,306,51,59,421400,2
"Block Group 5, Census Tract 4214, Fairfax County, Virginia",510594214005,1697,1295,1295,1283,12,0,402,51,59,421400,5
"Block Group 3, Census Tract 4215, Fairfax County, Virginia",510594215003,882,425,425,248,177,0,457,51,59,421500,3
"Block Group 2, Census Tract 4216, Fairfax County, Virginia",510594216002,1937,1534,1534,1447,87,0,403,51,59,421600,2
"Block Group 2, Census Tract 4217.01, Fairfax County, Virginia",510594217012,1173,893,832,789,43,61,280,51,59,421701,2
"Block Group 1, Census Tract 4218, Fairfax County, Virginia",510594218001,1783,1475,1440,1397,43,35,308,51,59,421800,1
"Block Group 1, Census Tract 4219, Fairfax County, Virginia",510594219001,596,413,149,120,29,264,183,51,59,421900,1
"Block Group 3, Census Tract 4219, Fairfax County, Virginia",510594219003,248,200,168,168,0,32,48,51,59,421900,3
"Block Group 1, Census Tract 4221.01, Fairfax County, Virginia",510594221011,1840,1528,1381,1309,72,147,312,51,59,422101,1
"Block Group 4, Census Tract 4221.01, Fairfax County, Virginia",510594221014,1315,1094,1094,1094,0,0,221,51,59,422101,4
"Block Group 3, Census Tract 4221.02, Fairfax County, Virginia",510594221023,836,640,640,585,55,0,196,51,59,422102,3
"Block Group 2, Census Tract 4222.01, Fairfax County, Virginia",510594222012,1189,872,872,826,46,0,317,51,59,422201,2
"Block Group 1, Census Tract 4224.03, Fairfax County, Virginia",510594224031,1244,799,778,771,7,21,445,51,59,422403,1
"Block Group 2, Census Tract 4301.01, Fairfax County, Virginia",510594301012,1283,882,875,868,7,7,401,51,59,430101,2
"Block Group 1, Census Tract 4302.01, Fairfax County, Virginia",510594302011,1877,1254,1208,1122,86,46,623,51,59,430201,1
"Block Group 1, Census Tract 4302.02, Fairfax County, Virginia",510594302021,1425,976,963,914,49,13,449,51,59,430202,1
"Block Group 1, Census Tract 4302.03, Fairfax County, Virginia",510594302031,2395,1745,1745,1639,106,0,650,51,59,430203,1
"Block Group 3, Census Tract 4304, Fairfax County, Virginia",510594304003,1899,1344,1344,1293,51,0,555,51,59,430400,3
"Block Group 2, Census Tract 4306, Fairfax County, Virginia",510594306002,692,545,534,498,36,11,147,51,59,430600,2
"Block Group 1, Census Tract 4307, Fairfax County, Virginia",510594307001,1666,997,989,905,84,8,669,51,59,430700,1
"Block Group 2, Census Tract 4308.01, Fairfax County, Virginia",510594308012,1881,1222,1195,1195,0,27,659,51,59,430801,2
"Block Group 3, Census Tract 4308.02, Fairfax County, Virginia",510594308023,1212,987,941,928,13,46,225,51,59,430802,3
"Block Group 1, Census Tract 4309.02, Fairfax County, Virginia",510594309021,1132,881,881,820,61,0,251,51,59,430902,1
"Block Group 2, Census Tract 4310.01, Fairfax County, Virginia",510594310012,1217,711,674,634,40,37,506,51,59,431001,2
"Block Group 1, Census Tract 301, Russell County, Virginia",511670301001,1025,350,350,256,94,0,675,51,167,30100,1
"Block Group 4, Census Tract 301, Russell County, Virginia",511670301004,683,189,189,179,10,0,494,51,167,30100,4
"Block Group 2, Census Tract 302.01, Russell County, Virginia",511670302012,102,19,19,7,12,0,83,51,167,30201,2
"Block Group 1, Census Tract 302.02, Russell County, Virginia",511670302021,1673,695,695,643,52,0,978,51,167,30202,1
"Block Group 2, Census Tract 303, Russell County, Virginia",511670303002,863,349,349,349,0,0,514,51,167,30300,2
"Block Group 1, Census Tract 304.02, Russell County, Virginia",511670304021,1053,662,662,660,2,0,391,51,167,30402,1
"Block Group 2, Census Tract 304.03, Russell County, Virginia",511670304032,350,100,100,100,0,0,250,51,167,30403,2
"Block Group 1, Census Tract 304.04, Russell County, Virginia",511670304041,953,465,465,417,48,0,488,51,167,30404,1
"Block Group 2, Census Tract 305, Russell County, Virginia",511670305002,439,251,251,235,16,0,188,51,167,30500,2
"Block Group 2, Census Tract 306, Russell County, Virginia",511670306002,952,357,357,346,11,0,595,51,167,30600,2
"Block Group 1, Census Tract 301, Scott County, Virginia",511690301001,609,238,238,231,7,0,371,51,169,30100,1
"Block Group 1, Census Tract 302, Scott County, Virginia",511690302001,1369,254,254,246,8,0,1115,51,169,30200,1
"Block Group 4, Census Tract 302, Scott County, Virginia",511690302004,302,99,99,99,0,0,203,51,169,30200,4
"Block Group 3, Census Tract 303, Scott County, Virginia",511690303003,595,244,244,236,8,0,351,51,169,30300,3
"Block Group 3, Census Tract 402.01, Shenandoah County, Virginia",511710402013,1613,1122,1122,1070,52,0,491,51,171,40201,3
"Block Group 1, Census Tract 403, Shenandoah County, Virginia",511710403001,1596,1015,1014,971,43,1,581,51,171,40300,1
"Block Group 2, Census Tract 404, Shenandoah County, Virginia",511710404002,1337,875,875,842,33,0,462,51,171,40400,2
"Block Group 3, Census Tract 405.01, Shenandoah County, Virginia",511710405013,1533,874,874,820,54,0,659,51,171,40501,3
"Block Group 2, Census Tract 405.02, Shenandoah County, Virginia",511710405022,1215,824,824,811,13,0,391,51,171,40502,2
"Block Group 3, Census Tract 406, Shenandoah County, Virginia",511710406003,776,377,377,377,0,0,399,51,171,40600,3
"Block Group 3, Census Tract 407, Shenandoah County, Virginia",511710407003,1124,617,617,576,41,0,507,51,171,40700,3
"Block Group 3, Census Tract 408, Shenandoah County, Virginia",511710408003,622,389,389,389,0,0,233,51,171,40800,3
"Block Group 3, Census Tract 301, Smyth County, Virginia",511730301003,594,382,382,360,22,0,212,51,173,30100,3
"Block Group 2, Census Tract 302, Smyth County, Virginia",511730302002,543,285,285,274,11,0,258,51,173,30200,2
"Block Group 4, Census Tract 302, Smyth County, Virginia",511730302004,900,518,518,485,33,0,382,51,173,30200,4
"Block Group 3, Census Tract 303.01, Smyth County, Virginia",511730303013,695,310,310,299,11,0,385,51,173,30301,3
"Block Group 3, Census Tract 303.02, Smyth County, Virginia",511730303023,953,538,538,528,10,0,415,51,173,30302,3
"Block Group 2, Census Tract 304, Smyth County, Virginia",511730304002,964,564,564,553,11,0,400,51,173,30400,2
"Block Group 1, Census Tract 306, Smyth County, Virginia",511730306001,579,268,268,256,12,0,311,51,173,30600,1
"Block Group 2, Census Tract 2004.01, Southampton County, Virginia",511752004012,1936,968,968,968,0,0,968,51,175,200401,2
"Block Group 1, Census Tract 2005, Southampton County, Virginia",511752005001,1633,1008,1008,928,80,0,625,51,175,200500,1
"Block Group 2, Census Tract 201.04, Spotsylvania County, Virginia",511770201042,955,613,595,570,25,18,342,51,177,20104,2
"Block Group 2, Census Tract 201.05, Spotsylvania County, Virginia",511770201052,1103,741,741,736,5,0,362,51,177,20105,2
"Block Group 3, Census Tract 201.06, Spotsylvania County, Virginia",511770201063,1052,560,560,560,0,0,492,51,177,20106,3
"Block Group 1, Census Tract 201.07, Spotsylvania County, Virginia",511770201071,1648,998,981,941,40,17,650,51,177,20107,1
"Block Group 1, Census Tract 201.09, Spotsylvania County, Virginia",511770201091,1410,876,876,801,75,0,534,51,177,20109,1
"Block Group 2, Census Tract 201.10, Spotsylvania County, Virginia",511770201102,984,689,689,593,96,0,295,51,177,20110,2
"Block Group 1, Census Tract 201.13, Spotsylvania County, Virginia",511770201131,821,585,585,578,7,0,236,51,177,20113,1
"Block Group 1, Census Tract 201.14, Spotsylvania County, Virginia",511770201141,2176,1552,1544,1455,89,8,624,51,177,20114,1
"Block Group 2, Census Tract 202.01, Spotsylvania County, Virginia",511770202012,1649,1230,1230,1204,26,0,419,51,177,20201,2
"Block Group 2, Census Tract 202.02, Spotsylvania County, Virginia",511770202022,967,700,700,660,40,0,267,51,177,20202,2
"Block Group 1, Census Tract 4313, Fairfax County, Virginia",510594313001,856,561,550,512,38,11,295,51,59,431300,1
"Block Group 1, Census Tract 4314, Fairfax County, Virginia",510594314001,908,508,502,471,31,6,400,51,59,431400,1
"Block Group 1, Census Tract 4315, Fairfax County, Virginia",510594315001,1608,826,777,767,10,49,782,51,59,431500,1
"Block Group 1, Census Tract 4316.01, Fairfax County, Virginia",510594316011,2009,49,49,49,0,0,1960,51,59,431601,1
"Block Group 1, Census Tract 4322.02, Fairfax County, Virginia",510594322021,2340,1498,1445,1369,76,53,842,51,59,432202,1
"Block Group 2, Census Tract 4323, Fairfax County, Virginia",510594323002,725,528,510,510,0,18,197,51,59,432300,2
"Block Group 2, Census Tract 4324.01, Fairfax County, Virginia",510594324012,693,372,333,324,9,39,321,51,59,432401,2
"Block Group 3, Census Tract 4324.02, Fairfax County, Virginia",510594324023,1228,894,882,860,22,12,334,51,59,432402,3
"Block Group 3, Census Tract 4325, Fairfax County, Virginia",510594325003,1330,888,866,855,11,22,442,51,59,432500,3
"Block Group 1, Census Tract 4327.01, Fairfax County, Virginia",510594327011,2410,1690,1610,1568,42,80,720,51,59,432701,1
"Block Group 1, Census Tract 4328, Fairfax County, Virginia",510594328001,1648,1203,1168,1110,58,35,445,51,59,432800,1
"Block Group 2, Census Tract 4401, Fairfax County, Virginia",510594401002,2093,1280,1214,1172,42,66,813,51,59,440100,2
"Block Group 1, Census Tract 4402.01, Fairfax County, Virginia",510594402011,368,325,325,325,0,0,43,51,59,440201,1
"Block Group 1, Census Tract 4402.02, Fairfax County, Virginia",510594402021,1897,1163,1163,1163,0,0,734,51,59,440202,1
"Block Group 1, Census Tract 4403, Fairfax County, Virginia",510594403001,1030,606,596,596,0,10,424,51,59,440300,1
"Block Group 2, Census Tract 4405.01, Fairfax County, Virginia",510594405012,1458,1033,1024,979,45,9,425,51,59,440501,2
"Block Group 1, Census Tract 4405.04, Fairfax County, Virginia",510594405041,1004,0,0,0,0,0,1004,51,59,440504,1
"Block Group 1, Census Tract 4407.01, Fairfax County, Virginia",510594407011,2306,1489,1465,1427,38,24,817,51,59,440701,1
"Block Group 3, Census Tract 4407.02, Fairfax County, Virginia",510594407023,1473,990,970,925,45,20,483,51,59,440702,3
"Block Group 3, Census Tract 4408, Fairfax County, Virginia",510594408003,1502,989,975,958,17,14,513,51,59,440800,3
"Block Group 1, Census Tract 4506.01, Fairfax County, Virginia",510594506011,848,617,617,571,46,0,231,51,59,450601,1
"Block Group 4, Census Tract 4506.01, Fairfax County, Virginia",510594506014,633,468,468,468,0,0,165,51,59,450601,4
"Block Group 3, Census Tract 4506.02, Fairfax County, Virginia",510594506023,1045,725,725,679,46,0,320,51,59,450602,3
"Block Group 2, Census Tract 4507.02, Fairfax County, Virginia",510594507022,1036,742,710,710,0,32,294,51,59,450702,2
"Block Group 3, Census Tract 4508, Fairfax County, Virginia",510594508003,971,649,649,631,18,0,322,51,59,450800,3
"Block Group 1, Census Tract 4510, Fairfax County, Virginia",510594510001,1363,1027,1027,942,85,0,336,51,59,451000,1
"Block Group 2, Census Tract 4511, Fairfax County, Virginia",510594511002,1440,1024,1006,962,44,18,416,51,59,451100,2
"Block Group 1, Census Tract 4513, Fairfax County, Virginia",510594513001,1002,657,642,604,38,15,345,51,59,451300,1
"Block Group 2, Census Tract 4514, Fairfax County, Virginia",510594514002,707,382,382,374,8,0,325,51,59,451400,2
"Block Group 3, Census Tract 4515.01, Fairfax County, Virginia",510594515013,1474,1107,1107,974,133,0,367,51,59,451501,3
"Block Group 2, Census Tract 4515.02, Fairfax County, Virginia",510594515022,967,859,832,629,203,27,108,51,59,451502,2
"Block Group 2, Census Tract 4516.01, Fairfax County, Virginia",510594516012,1473,1254,1251,1251,0,3,219,51,59,451601,2
"Block Group 2, Census Tract 4516.02, Fairfax County, Virginia",510594516022,1356,962,962,883,79,0,394,51,59,451602,2
"Block Group 1, Census Tract 4519, Fairfax County, Virginia",510594519001,950,572,554,554,0,18,378,51,59,451900,1
"Block Group 3, Census Tract 4519, Fairfax County, Virginia",510594519003,1096,964,964,930,34,0,132,51,59,451900,3
"Block Group 2, Census Tract 4521.01, Fairfax County, Virginia",510594521012,1201,892,892,759,133,0,309,51,59,452101,2
"Block Group 4, Census Tract 4524, Fairfax County, Virginia",510594524004,1464,928,928,904,24,0,536,51,59,452400,4
"Block Group 2, Census Tract 4525.01, Fairfax County, Virginia",510594525012,1311,904,904,904,0,0,407,51,59,452501,2
"Block Group 2, Census Tract 4525.02, Fairfax County, Virginia",510594525022,1991,1609,1599,1554,45,10,382,51,59,452502,2
"Block Group 2, Census Tract 4526, Fairfax County, Virginia",510594526002,665,665,665,665,0,0,0,51,59,452600,2
"Block Group 1, Census Tract 4527, Fairfax County, Virginia",510594527001,1436,848,848,800,48,0,588,51,59,452700,1
"Block Group 1, Census Tract 202.03, Spotsylvania County, Virginia",511770202031,1637,1145,1110,1055,55,35,492,51,177,20203,1
"Block Group 2, Census Tract 202.04, Spotsylvania County, Virginia",511770202042,1115,627,614,601,13,13,488,51,177,20204,2
"Block Group 2, Census Tract 202.06, Spotsylvania County, Virginia",511770202062,1410,1156,1156,1002,154,0,254,51,177,20206,2
"Block Group 3, Census Tract 203.09, Spotsylvania County, Virginia",511770203093,528,343,343,343,0,0,185,51,177,20309,3
"Block Group 2, Census Tract 203.11, Spotsylvania County, Virginia",511770203112,0,0,0,0,0,0,0,51,177,20311,2
"Block Group 5, Census Tract 203.11, Spotsylvania County, Virginia",511770203115,862,704,704,513,191,0,158,51,177,20311,5
"Block Group 1, Census Tract 203.13, Spotsylvania County, Virginia",511770203131,103,85,85,25,60,0,18,51,177,20313,1
"Block Group 1, Census Tract 203.15, Spotsylvania County, Virginia",511770203151,31,12,12,12,0,0,19,51,177,20315,1
"Block Group 2, Census Tract 203.16, Spotsylvania County, Virginia",511770203162,52,43,43,43,0,0,9,51,177,20316,2
"Block Group 2, Census Tract 204.03, Spotsylvania County, Virginia",511770204032,539,258,258,248,10,0,281,51,177,20403,2
"Block Group 1, Census Tract 204.04, Spotsylvania County, Virginia",511770204041,979,543,543,543,0,0,436,51,177,20404,1
"Block Group 1, Census Tract 204.05, Spotsylvania County, Virginia",511770204051,873,379,379,301,78,0,494,51,177,20405,1
"Block Group 1, Census Tract 204.06, Spotsylvania County, Virginia",511770204061,501,341,341,267,74,0,160,51,177,20406,1
"Block Group 1, Census Tract 204.07, Spotsylvania County, Virginia",511770204071,755,518,518,461,57,0,237,51,177,20407,1
"Block Group 1, Census Tract 204.08, Spotsylvania County, Virginia",511770204081,1306,892,892,856,36,0,414,51,177,20408,1
"Block Group 2, Census Tract 101.03, Stafford County, Virginia",511790101032,446,301,301,301,0,0,145,51,179,10103,2
"Block Group 2, Census Tract 101.05, Stafford County, Virginia",511790101052,1997,1222,1222,1191,31,0,775,51,179,10105,2
"Block Group 1, Census Tract 101.06, Stafford County, Virginia",511790101061,1480,1047,1001,968,33,46,433,51,179,10106,1
"Block Group 2, Census Tract 102.06, Stafford County, Virginia",511790102062,770,561,541,521,20,20,209,51,179,10206,2
"Block Group 2, Census Tract 102.10, Stafford County, Virginia",511790102102,2178,1847,1771,1737,34,76,331,51,179,10210,2
"Block Group 1, Census Tract 102.11, Stafford County, Virginia",511790102111,1214,934,867,867,0,67,280,51,179,10211,1
"Block Group 1, Census Tract 102.12, Stafford County, Virginia",511790102121,1391,894,867,818,49,27,497,51,179,10212,1
"Block Group 2, Census Tract 102.13, Stafford County, Virginia",511790102132,1099,780,752,735,17,28,319,51,179,10213,2
"Block Group 1, Census Tract 102.15, Stafford County, Virginia",511790102151,1536,1200,1092,983,109,108,336,51,179,10215,1
"Block Group 2, Census Tract 102.16, Stafford County, Virginia",511790102162,2199,1481,1421,1421,0,60,718,51,179,10216,2
"Block Group 1, Census Tract 102.17, Stafford County, Virginia",511790102171,1661,1073,1055,1024,31,18,588,51,179,10217,1
"Block Group 2, Census Tract 102.18, Stafford County, Virginia",511790102182,1863,1359,1316,1313,3,43,504,51,179,10218,2
"Block Group 2, Census Tract 103.01, Stafford County, Virginia",511790103012,1646,1126,1119,1102,17,7,520,51,179,10301,2
"Block Group 3, Census Tract 103.04, Stafford County, Virginia",511790103043,1474,314,314,294,20,0,1160,51,179,10304,3
"Block Group 3, Census Tract 103.05, Stafford County, Virginia",511790103053,1516,919,915,874,41,4,597,51,179,10305,3
"Block Group 1, Census Tract 103.07, Stafford County, Virginia",511790103071,1864,1436,1402,1198,204,34,428,51,179,10307,1
"Block Group 1, Census Tract 103.08, Stafford County, Virginia",511790103081,2082,1488,1456,1419,37,32,594,51,179,10308,1
"Block Group 1, Census Tract 104.04, Stafford County, Virginia",511790104041,1196,812,799,730,69,13,384,51,179,10404,1
"Block Group 3, Census Tract 8601, Surry County, Virginia",511818601003,736,251,251,250,1,0,485,51,181,860100,3
"Block Group 3, Census Tract 8602, Surry County, Virginia",511818602003,659,437,429,403,26,8,222,51,181,860200,3
"Block Group 2, Census Tract 8701, Sussex County, Virginia",511838701002,655,367,367,367,0,0,288,51,183,870100,2
"Block Group 2, Census Tract 8702.01, Sussex County, Virginia",511838702012,669,331,331,308,23,0,338,51,183,870201,2
"Block Group 2, Census Tract 8703, Sussex County, Virginia",511838703002,1000,596,596,477,119,0,404,51,183,870300,2
"Block Group 1, Census Tract 8704, Sussex County, Virginia",511838704001,995,654,654,629,25,0,341,51,183,870400,1
"Block Group 2, Census Tract 201, Tazewell County, Virginia",511850201002,629,354,354,345,9,0,275,51,185,20100,2
"Block Group 1, Census Tract 102, Salem city, Virginia",517750102001,2084,1074,1074,979,95,0,1010,51,775,10200,1
"Block Group 2, Census Tract 102, Salem city, Virginia",517750102002,594,341,341,328,13,0,253,51,775,10200,2
"Block Group 3, Census Tract 102, Salem city, Virginia",517750102003,1209,800,800,800,0,0,409,51,775,10200,3
"Block Group 4, Census Tract 102, Salem city, Virginia",517750102004,1035,689,689,689,0,0,346,51,775,10200,4
"Block Group 5, Census Tract 102, Salem city, Virginia",517750102005,868,411,411,347,64,0,457,51,775,10200,5
"Block Group 1, Census Tract 103, Salem city, Virginia",517750103001,1024,705,705,627,78,0,319,51,775,10300,1
"Block Group 2, Census Tract 103, Salem city, Virginia",517750103002,957,551,551,543,8,0,406,51,775,10300,2
"Block Group 3, Census Tract 103, Salem city, Virginia",517750103003,1478,675,675,614,61,0,803,51,775,10300,3
"Block Group 4, Census Tract 103, Salem city, Virginia",517750103004,686,510,510,493,17,0,176,51,775,10300,4
"Block Group 1, Census Tract 105.01, Salem city, Virginia",517750105011,536,217,217,199,18,0,319,51,775,10501,1
"Block Group 3, Census Tract 105.01, Salem city, Virginia",517750105013,906,619,615,608,7,4,287,51,775,10501,3
"Block Group 1, Census Tract 105.02, Salem city, Virginia",517750105021,895,504,504,482,22,0,391,51,775,10502,1
"Block Group 3, Census Tract 105.02, Salem city, Virginia",517750105023,1058,855,833,818,15,22,203,51,775,10502,3
"Block Group 4, Census Tract 105.02, Salem city, Virginia",517750105024,1228,787,787,768,19,0,441,51,775,10502,4
"Block Group 1, Census Tract 2, Staunton city, Virginia",517900002001,909,655,655,626,29,0,254,51,790,200,1
"Block Group 2, Census Tract 2, Staunton city, Virginia",517900002002,664,473,473,464,9,0,191,51,790,200,2
"Block Group 4, Census Tract 2, Staunton city, Virginia",517900002004,954,535,535,514,21,0,419,51,790,200,4
"Block Group 1, Census Tract 3, Staunton city, Virginia",517900003001,897,470,466,466,0,4,427,51,790,300,1
"Block Group 3, Census Tract 3, Staunton city, Virginia",517900003003,837,528,528,508,20,0,309,51,790,300,3
"Block Group 4, Census Tract 3, Staunton city, Virginia",517900003004,1485,1084,1084,1036,48,0,401,51,790,300,4
"Block Group 1, Census Tract 4.01, Staunton city, Virginia",517900004011,1151,762,762,751,11,0,389,51,790,401,1
"Block Group 3, Census Tract 4.01, Staunton city, Virginia",517900004013,956,658,658,599,59,0,298,51,790,401,3
"Block Group 1, Census Tract 4.02, Staunton city, Virginia",517900004021,1383,936,936,921,15,0,447,51,790,402,1
"Block Group 1, Census Tract 5, Staunton city, Virginia",517900005001,877,621,621,601,20,0,256,51,790,500,1
"Block Group 2, Census Tract 5, Staunton city, Virginia",517900005002,903,372,372,372,0,0,531,51,790,500,2
"Block Group 1, Census Tract 6, Staunton city, Virginia",517900006001,1532,1028,1028,982,46,0,504,51,790,600,1
"Block Group 2, Census Tract 6, Staunton city, Virginia",517900006002,2028,1108,1108,1025,83,0,920,51,790,600,2
"Block Group 2, Census Tract 651, Suffolk city, Virginia",518000651002,1315,950,941,814,127,9,365,51,800,65100,2
"Block Group 1, Census Tract 652, Suffolk city, Virginia",518000652001,892,699,687,593,94,12,193,51,800,65200,1
"Block Group 1, Census Tract 653.01, Suffolk city, Virginia",518000653011,648,394,394,390,4,0,254,51,800,65301,1
"Block Group 2, Census Tract 653.01, Suffolk city, Virginia",518000653012,629,379,379,379,0,0,250,51,800,65301,2
"Block Group 2, Census Tract 653.02, Suffolk city, Virginia",518000653022,852,539,525,430,95,14,313,51,800,65302,2
"Block Group 1, Census Tract 654.01, Suffolk city, Virginia",518000654011,587,413,369,336,33,44,174,51,800,65401,1
"Block Group 3, Census Tract 654.01, Suffolk city, Virginia",518000654013,385,221,221,211,10,0,164,51,800,65401,3
"Block Group 1, Census Tract 654.02, Suffolk city, Virginia",518000654021,843,528,528,452,76,0,315,51,800,65402,1
"Block Group 2, Census Tract 655, Suffolk city, Virginia",518000655002,184,109,109,98,11,0,75,51,800,65500,2
"Block Group 4, Census Tract 655, Suffolk city, Virginia",518000655004,714,368,368,224,144,0,346,51,800,65500,4
"Block Group 1, Census Tract 751.03, Suffolk city, Virginia",518000751031,717,551,551,530,21,0,166,51,800,75103,1
"Block Group 1, Census Tract 751.04, Suffolk city, Virginia",518000751041,1696,1101,1082,1020,62,19,595,51,800,75104,1
"Block Group 2, Census Tract 751.04, Suffolk city, Virginia",518000751042,421,421,411,387,24,10,0,51,800,75104,2
"Block Group 2, Census Tract 751.05, Suffolk city, Virginia",518000751052,1528,1079,1067,1043,24,12,449,51,800,75105,2
"Block Group 1, Census Tract 751.06, Suffolk city, Virginia",518000751061,1281,1008,1000,913,87,8,273,51,800,75106,1
"Block Group 1, Census Tract 109.04, Albemarle County, Virginia",510030109041,1487,487,487,418,69,0,1000,51,3,10904,1
"Block Group 2, Census Tract 109.04, Albemarle County, Virginia",510030109042,4064,1385,1385,1295,90,0,2679,51,3,10904,2
"Block Group 1, Census Tract 110, Albemarle County, Virginia",510030110001,936,516,516,516,0,0,420,51,3,11000,1
"Block Group 2, Census Tract 110, Albemarle County, Virginia",510030110002,910,589,589,570,19,0,321,51,3,11000,2
"Block Group 4, Census Tract 110, Albemarle County, Virginia",510030110004,1380,769,769,716,53,0,611,51,3,11000,4
"Block Group 5, Census Tract 110, Albemarle County, Virginia",510030110005,754,351,351,341,10,0,403,51,3,11000,5
"Block Group 2, Census Tract 111.01, Albemarle County, Virginia",510030111012,411,248,248,216,32,0,163,51,3,11101,2
"Block Group 3, Census Tract 111.01, Albemarle County, Virginia",510030111013,273,140,140,140,0,0,133,51,3,11101,3
"Block Group 2, Census Tract 111.02, Albemarle County, Virginia",510030111022,922,525,525,459,66,0,397,51,3,11102,2
"Block Group 1, Census Tract 111.03, Albemarle County, Virginia",510030111031,670,492,492,492,0,0,178,51,3,11103,1
"Block Group 3, Census Tract 111.03, Albemarle County, Virginia",510030111033,710,526,526,512,14,0,184,51,3,11103,3
"Block Group 4, Census Tract 111.03, Albemarle County, Virginia",510030111034,308,254,254,201,53,0,54,51,3,11103,4
"Block Group 5, Census Tract 111.03, Albemarle County, Virginia",510030111035,555,385,385,385,0,0,170,51,3,11103,5
"Block Group 1, Census Tract 112.01, Albemarle County, Virginia",510030112011,1015,792,792,770,22,0,223,51,3,11201,1
"Block Group 2, Census Tract 112.01, Albemarle County, Virginia",510030112012,1003,581,581,546,35,0,422,51,3,11201,2
"Block Group 3, Census Tract 112.01, Albemarle County, Virginia",510030112013,1557,1042,1042,1042,0,0,515,51,3,11201,3
"Block Group 1, Census Tract 112.02, Albemarle County, Virginia",510030112021,362,315,315,315,0,0,47,51,3,11202,1
"Block Group 2, Census Tract 112.02, Albemarle County, Virginia",510030112022,777,511,511,488,23,0,266,51,3,11202,2
"Block Group 3, Census Tract 112.02, Albemarle County, Virginia",510030112023,903,609,570,563,7,39,294,51,3,11202,3
"Block Group 4, Census Tract 112.02, Albemarle County, Virginia",510030112024,744,334,334,327,7,0,410,51,3,11202,4
"Block Group 1, Census Tract 113.01, Albemarle County, Virginia",510030113011,644,532,532,532,0,0,112,51,3,11301,1
"Block Group 2, Census Tract 113.01, Albemarle County, Virginia",510030113012,972,680,680,598,82,0,292,51,3,11301,2
"Block Group 3, Census Tract 113.01, Albemarle County, Virginia",510030113013,1722,1375,1375,1353,22,0,347,51,3,11301,3
"Block Group 4, Census Tract 113.01, Albemarle County, Virginia",510030113014,461,334,334,334,0,0,127,51,3,11301,4
"Block Group 5, Census Tract 113.01, Albemarle County, Virginia",510030113015,916,397,397,371,26,0,519,51,3,11301,5
"Block Group 1, Census Tract 113.02, Albemarle County, Virginia",510030113021,936,772,760,731,29,12,164,51,3,11302,1
"Block Group 3, Census Tract 113.02, Albemarle County, Virginia",510030113023,1164,824,824,824,0,0,340,51,3,11302,3
"Block Group 4, Census Tract 113.02, Albemarle County, Virginia",510030113024,756,721,721,663,58,0,35,51,3,11302,4
"Block Group 2, Census Tract 113.03, Albemarle County, Virginia",510030113032,2102,1258,1242,1242,0,16,844,51,3,11303,2
"Block Group 1, Census Tract 114, Albemarle County, Virginia",510030114001,768,444,444,407,37,0,324,51,3,11400,1
"Block Group 3, Census Tract 114, Albemarle County, Virginia",510030114003,1765,1123,1110,1091,19,13,642,51,3,11400,3
"Block Group 4, Census Tract 114, Albemarle County, Virginia",510030114004,1162,835,835,750,85,0,327,51,3,11400,4
"Block Group 2, Census Tract 701, Alleghany County, Virginia",510050701002,1062,676,676,586,90,0,386,51,5,70100,2
"Block Group 3, Census Tract 701, Alleghany County, Virginia",510050701003,618,402,402,370,32,0,216,51,5,70100,3
"Block Group 1, Census Tract 801, Alleghany County, Virginia",510050801001,1399,774,774,765,9,0,625,51,5,80100,1
"Block Group 2, Census Tract 801, Alleghany County, Virginia",510050801002,748,332,332,296,36,0,416,51,5,80100,2
"Block Group 1, Census Tract 802.01, Alleghany County, Virginia",510050802011,1201,742,742,733,9,0,459,51,5,80201,1
"Block Group 2, Census Tract 802.01, Alleghany County, Virginia",510050802012,1083,586,586,575,11,0,497,51,5,80201,2
"Block Group 2, Census Tract 802.02, Alleghany County, Virginia",510050802022,317,213,213,213,0,0,104,51,5,80202,2
"Block Group 3, Census Tract 802.02, Alleghany County, Virginia",510050802023,521,151,151,151,0,0,370,51,5,80202,3
"Block Group 2, Census Tract 4152, Fairfax County, Virginia",510594152002,617,457,453,410,43,4,160,51,59,415200,2
"Block Group 3, Census Tract 4152, Fairfax County, Virginia",510594152003,796,625,589,566,23,36,171,51,59,415200,3
"Block Group 4, Census Tract 4152, Fairfax County, Virginia",510594152004,582,431,403,403,0,28,151,51,59,415200,4
"Block Group 1, Census Tract 4153, Fairfax County, Virginia",510594153001,643,453,453,444,9,0,190,51,59,415300,1
"Block Group 2, Census Tract 4153, Fairfax County, Virginia",510594153002,1375,775,749,734,15,26,600,51,59,415300,2
"Block Group 3, Census Tract 4153, Fairfax County, Virginia",510594153003,1237,993,993,882,111,0,244,51,59,415300,3
"Block Group 1, Census Tract 4154.01, Fairfax County, Virginia",510594154011,988,776,761,695,66,15,212,51,59,415401,1
"Block Group 2, Census Tract 4154.01, Fairfax County, Virginia",510594154012,3089,1969,1935,1833,102,34,1120,51,59,415401,2
"Block Group 3, Census Tract 4154.01, Fairfax County, Virginia",510594154013,381,214,214,214,0,0,167,51,59,415401,3
"Block Group 2, Census Tract 4154.02, Fairfax County, Virginia",510594154022,721,390,342,342,0,48,331,51,59,415402,2
"Block Group 3, Census Tract 4154.02, Fairfax County, Virginia",510594154023,993,781,766,749,17,15,212,51,59,415402,3
"Block Group 2, Census Tract 4155, Fairfax County, Virginia",510594155002,623,406,374,374,0,32,217,51,59,415500,2
"Block Group 3, Census Tract 4155, Fairfax County, Virginia",510594155003,1476,1003,1003,953,50,0,473,51,59,415500,3
"Block Group 1, Census Tract 4156, Fairfax County, Virginia",510594156001,1292,823,805,788,17,18,469,51,59,415600,1
"Block Group 2, Census Tract 4156, Fairfax County, Virginia",510594156002,950,523,518,510,8,5,427,51,59,415600,2
"Block Group 2, Census Tract 4157, Fairfax County, Virginia",510594157002,1808,1248,1203,1186,17,45,560,51,59,415700,2
"Block Group 1, Census Tract 4158, Fairfax County, Virginia",510594158001,1208,765,751,746,5,14,443,51,59,415800,1
"Block Group 3, Census Tract 4158, Fairfax County, Virginia",510594158003,1238,747,720,686,34,27,491,51,59,415800,3
"Block Group 2, Census Tract 4159, Fairfax County, Virginia",510594159002,2008,1486,1440,1393,47,46,522,51,59,415900,2
"Block Group 1, Census Tract 4160, Fairfax County, Virginia",510594160001,1495,1186,1146,1099,47,40,309,51,59,416000,1
"Block Group 3, Census Tract 4160, Fairfax County, Virginia",510594160003,690,478,440,440,0,38,212,51,59,416000,3
"Block Group 1, Census Tract 4161, Fairfax County, Virginia",510594161001,2055,1210,1178,1156,22,32,845,51,59,416100,1
"Block Group 1, Census Tract 4162, Fairfax County, Virginia",510594162001,1198,794,380,331,49,414,404,51,59,416200,1
"Block Group 2, Census Tract 4162, Fairfax County, Virginia",510594162002,1496,1020,527,483,44,493,476,51,59,416200,2
"Block Group 2, Census Tract 4163, Fairfax County, Virginia",510594163002,888,602,592,588,4,10,286,51,59,416300,2
"Block Group 1, Census Tract 4201, Fairfax County, Virginia",510594201001,987,745,745,745,0,0,242,51,59,420100,1
"Block Group 1, Census Tract 4202.01, Fairfax County, Virginia",510594202011,1153,759,759,738,21,0,394,51,59,420201,1
"Block Group 2, Census Tract 4202.01, Fairfax County, Virginia",510594202012,1307,938,922,916,6,16,369,51,59,420201,2
"Block Group 1, Census Tract 4202.02, Fairfax County, Virginia",510594202021,1578,1454,1315,1252,63,139,124,51,59,420202,1
"Block Group 2, Census Tract 4202.02, Fairfax County, Virginia",510594202022,381,351,322,322,0,29,30,51,59,420202,2
"Block Group 1, Census Tract 4203, Fairfax County, Virginia",510594203001,1718,1321,1253,1150,103,68,397,51,59,420300,1
"Block Group 2, Census Tract 4203, Fairfax County, Virginia",510594203002,1661,1138,1110,1087,23,28,523,51,59,420300,2
"Block Group 4, Census Tract 4203, Fairfax County, Virginia",510594203004,715,610,556,535,21,54,105,51,59,420300,4
"Block Group 1, Census Tract 4204, Fairfax County, Virginia",510594204001,1586,1472,1355,1343,12,117,114,51,59,420400,1
"Block Group 1, Census Tract 4205.01, Fairfax County, Virginia",510594205011,900,501,491,490,1,10,399,51,59,420501,1
"Block Group 1, Census Tract 4205.02, Fairfax County, Virginia",510594205021,1759,1169,1151,1075,76,18,590,51,59,420502,1
"Block Group 1, Census Tract 4205.03, Fairfax County, Virginia",510594205031,675,497,475,450,25,22,178,51,59,420503,1
"Block Group 2, Census Tract 4205.03, Fairfax County, Virginia",510594205032,1487,1222,1164,1151,13,58,265,51,59,420503,2
"Block Group 3, Census Tract 4205.03, Fairfax County, Virginia",510594205033,820,715,699,493,206,16,105,51,59,420503,3
"Block Group 1, Census Tract 4206, Fairfax County, Virginia",510594206001,1511,1317,1308,1278,30,9,194,51,59,420600,1
"Block Group 2, Census Tract 4206, Fairfax County, Virginia",510594206002,982,864,850,850,0,14,118,51,59,420600,2
"Block Group 3, Census Tract 601.02, Grayson County, Virginia",510770601023,916,433,433,433,0,0,483,51,77,60102,3
"Block Group 4, Census Tract 601.02, Grayson County, Virginia",510770601024,932,554,554,542,12,0,378,51,77,60102,4
"Block Group 2, Census Tract 602.01, Grayson County, Virginia",510770602012,844,447,447,408,39,0,397,51,77,60201,2
"Block Group 3, Census Tract 602.01, Grayson County, Virginia",510770602013,1620,446,446,412,34,0,1174,51,77,60201,3
"Block Group 2, Census Tract 602.02, Grayson County, Virginia",510770602022,1018,430,430,421,9,0,588,51,77,60202,2
"Block Group 1, Census Tract 603, Grayson County, Virginia",510770603001,1005,601,601,596,5,0,404,51,77,60300,1
"Block Group 2, Census Tract 603, Grayson County, Virginia",510770603002,669,337,337,303,34,0,332,51,77,60300,2
"Block Group 1, Census Tract 301.02, Greene County, Virginia",510790301021,1209,665,665,648,17,0,544,51,79,30102,1
"Block Group 3, Census Tract 301.02, Greene County, Virginia",510790301023,1344,945,945,859,86,0,399,51,79,30102,3
"Block Group 4, Census Tract 301.02, Greene County, Virginia",510790301024,1011,595,566,452,114,29,416,51,79,30102,4
"Block Group 2, Census Tract 302.01, Greene County, Virginia",510790302012,1993,1454,1447,1342,105,7,539,51,79,30201,2
"Block Group 3, Census Tract 302.01, Greene County, Virginia",510790302013,1037,705,685,685,0,20,332,51,79,30201,3
"Block Group 1, Census Tract 302.02, Greene County, Virginia",510790302021,1253,838,838,838,0,0,415,51,79,30202,1
"Block Group 2, Census Tract 302.02, Greene County, Virginia",510790302022,1811,1552,1552,1552,0,0,259,51,79,30202,2
"Block Group 2, Census Tract 8801.01, Greensville County, Virginia",510818801012,778,406,406,367,39,0,372,51,81,880101,2
"Block Group 3, Census Tract 8801.01, Greensville County, Virginia",510818801013,1054,597,597,586,11,0,457,51,81,880101,3
"Block Group 1, Census Tract 8801.02, Greensville County, Virginia",510818801021,3166,0,0,0,0,0,3166,51,81,880102,1
"Block Group 1, Census Tract 8802, Greensville County, Virginia",510818802001,1050,657,657,643,14,0,393,51,81,880200,1
"Block Group 3, Census Tract 8802, Greensville County, Virginia",510818802003,1114,655,655,623,32,0,459,51,81,880200,3
"Block Group 1, Census Tract 9301, Halifax County, Virginia",510839301001,772,374,374,370,4,0,398,51,83,930100,1
"Block Group 2, Census Tract 9301, Halifax County, Virginia",510839301002,664,329,329,299,30,0,335,51,83,930100,2
"Block Group 3, Census Tract 9301, Halifax County, Virginia",510839301003,1273,612,607,587,20,5,661,51,83,930100,3
"Block Group 1, Census Tract 9302.02, Halifax County, Virginia",510839302021,632,323,323,300,23,0,309,51,83,930202,1
"Block Group 2, Census Tract 9302.02, Halifax County, Virginia",510839302022,834,396,396,388,8,0,438,51,83,930202,2
"Block Group 3, Census Tract 9302.02, Halifax County, Virginia",510839302023,555,56,56,50,6,0,499,51,83,930202,3
"Block Group 1, Census Tract 9302.03, Halifax County, Virginia",510839302031,491,290,290,290,0,0,201,51,83,930203,1
"Block Group 2, Census Tract 9302.03, Halifax County, Virginia",510839302032,890,536,536,499,37,0,354,51,83,930203,2
"Block Group 3, Census Tract 9302.03, Halifax County, Virginia",510839302033,732,262,237,237,0,25,470,51,83,930203,3
"Block Group 1, Census Tract 9302.04, Halifax County, Virginia",510839302041,318,185,185,185,0,0,133,51,83,930204,1
"Block Group 2, Census Tract 9302.04, Halifax County, Virginia",510839302042,817,426,426,425,1,0,391,51,83,930204,2
"Block Group 1, Census Tract 9303.01, Halifax County, Virginia",510839303011,980,717,717,695,22,0,263,51,83,930301,1
"Block Group 2, Census Tract 9303.01, Halifax County, Virginia",510839303012,1093,549,549,527,22,0,544,51,83,930301,2
"Block Group 1, Census Tract 9303.02, Halifax County, Virginia",510839303021,1151,686,686,686,0,0,465,51,83,930302,1
"Block Group 3, Census Tract 9303.02, Halifax County, Virginia",510839303023,972,472,472,455,17,0,500,51,83,930302,3
"Block Group 1, Census Tract 9304, Halifax County, Virginia",510839304001,876,481,481,477,4,0,395,51,83,930400,1
"Block Group 3, Census Tract 9304, Halifax County, Virginia",510839304003,628,399,399,399,0,0,229,51,83,930400,3
"Block Group 4, Census Tract 9304, Halifax County, Virginia",510839304004,443,218,212,199,13,6,225,51,83,930400,4
"Block Group 2, Census Tract 9305, Halifax County, Virginia",510839305002,631,424,424,413,11,0,207,51,83,930500,2
"Block Group 3, Census Tract 9305, Halifax County, Virginia",510839305003,799,396,396,396,0,0,403,51,83,930500,3
"Block Group 1, Census Tract 9306.01, Halifax County, Virginia",510839306011,1092,512,512,423,89,0,580,51,83,930601,1
"Block Group 2, Census Tract 9306.01, Halifax County, Virginia",510839306012,934,471,471,419,52,0,463,51,83,930601,2
"Block Group 4, Census Tract 214, Montgomery County, Virginia",511210214004,563,326,326,315,11,0,237,51,121,21400,4
"Block Group 1, Census Tract 215.01, Montgomery County, Virginia",511210215011,1473,1005,1005,947,58,0,468,51,121,21501,1
"Block Group 2, Census Tract 215.01, Montgomery County, Virginia",511210215012,1787,1201,1201,1119,82,0,586,51,121,21501,2
"Block Group 3, Census Tract 215.01, Montgomery County, Virginia",511210215013,155,122,122,122,0,0,33,51,121,21501,3
"Block Group 1, Census Tract 215.02, Montgomery County, Virginia",511210215021,1739,1110,1110,1058,52,0,629,51,121,21502,1
"Block Group 2, Census Tract 215.02, Montgomery County, Virginia",511210215022,1661,1043,1043,1043,0,0,618,51,121,21502,2
"Block Group 1, Census Tract 9501.01, Nelson County, Virginia",511259501011,1242,770,770,749,21,0,472,51,125,950101,1
"Block Group 2, Census Tract 9501.01, Nelson County, Virginia",511259501012,1414,902,902,862,40,0,512,51,125,950101,2
"Block Group 1, Census Tract 9501.02, Nelson County, Virginia",511259501021,1380,935,935,882,53,0,445,51,125,950102,1
"Block Group 2, Census Tract 9501.02, Nelson County, Virginia",511259501022,493,173,173,152,21,0,320,51,125,950102,2
"Block Group 1, Census Tract 9502.01, Nelson County, Virginia",511259502011,757,513,513,496,17,0,244,51,125,950201,1
"Block Group 2, Census Tract 9502.01, Nelson County, Virginia",511259502012,1165,783,783,771,12,0,382,51,125,950201,2
"Block Group 2, Census Tract 9502.02, Nelson County, Virginia",511259502022,1454,601,601,601,0,0,853,51,125,950202,2
"Block Group 2, Census Tract 9503, Nelson County, Virginia",511259503002,495,243,243,243,0,0,252,51,125,950300,2
"Block Group 3, Census Tract 9503, Nelson County, Virginia",511259503003,806,317,317,307,10,0,489,51,125,950300,3
"Block Group 1, Census Tract 7001, New Kent County, Virginia",511277001001,1288,910,910,873,37,0,378,51,127,700100,1
"Block Group 3, Census Tract 7001, New Kent County, Virginia",511277001003,1893,1412,1385,1364,21,27,481,51,127,700100,3
"Block Group 1, Census Tract 7002, New Kent County, Virginia",511277002001,816,525,525,486,39,0,291,51,127,700200,1
"Block Group 3, Census Tract 7002, New Kent County, Virginia",511277002003,1395,703,703,649,54,0,692,51,127,700200,3
"Block Group 4, Census Tract 7002, New Kent County, Virginia",511277002004,1485,1091,1091,1091,0,0,394,51,127,700200,4
"Block Group 2, Census Tract 7003.01, New Kent County, Virginia",511277003012,842,422,422,415,7,0,420,51,127,700301,2
"Block Group 3, Census Tract 7003.01, New Kent County, Virginia",511277003013,2078,1251,1204,1204,0,47,827,51,127,700301,3
"Block Group 2, Census Tract 7003.02, New Kent County, Virginia",511277003022,1865,952,952,952,0,0,913,51,127,700302,2
"Block Group 1, Census Tract 9301, Northampton County, Virginia",511319301001,567,236,236,236,0,0,331,51,131,930100,1
"Block Group 3, Census Tract 9301, Northampton County, Virginia",511319301003,876,530,530,507,23,0,346,51,131,930100,3
"Block Group 4, Census Tract 9301, Northampton County, Virginia",511319301004,830,449,449,374,75,0,381,51,131,930100,4
"Block Group 2, Census Tract 9302, Northampton County, Virginia",511319302002,542,238,238,227,11,0,304,51,131,930200,2
"Block Group 3, Census Tract 9302, Northampton County, Virginia",511319302003,970,585,585,585,0,0,385,51,131,930200,3
"Block Group 1, Census Tract 9303.01, Northampton County, Virginia",511319303011,940,460,460,430,30,0,480,51,131,930301,1
"Block Group 2, Census Tract 9303.01, Northampton County, Virginia",511319303012,672,360,359,319,40,1,312,51,131,930301,2
"Block Group 1, Census Tract 9303.02, Northampton County, Virginia",511319303021,588,225,225,218,7,0,363,51,131,930302,1
"Block Group 2, Census Tract 9303.02, Northampton County, Virginia",511319303022,648,323,323,323,0,0,325,51,131,930302,2
"Block Group 1, Census Tract 201, Northumberland County, Virginia",511330201001,541,225,225,218,7,0,316,51,133,20100,1
"Block Group 2, Census Tract 201, Northumberland County, Virginia",511330201002,1205,767,767,722,45,0,438,51,133,20100,2
"Block Group 4, Census Tract 201, Northumberland County, Virginia",511330201004,539,271,271,271,0,0,268,51,133,20100,4
"Block Group 1, Census Tract 202, Northumberland County, Virginia",511330202001,1011,448,448,394,54,0,563,51,133,20200,1
"Block Group 3, Census Tract 202, Northumberland County, Virginia",511330202003,371,207,207,187,20,0,164,51,133,20200,3
"Block Group 1, Census Tract 203.01, Northumberland County, Virginia",511330203011,931,564,564,501,63,0,367,51,133,20301,1
"Block Group 3, Census Tract 203.01, Northumberland County, Virginia",511330203013,819,391,391,315,76,0,428,51,133,20301,3
"Block Group 1, Census Tract 203.02, Northumberland County, Virginia",511330203021,460,93,93,93,0,0,367,51,133,20302,1
"Block Group 2, Census Tract 203.08, Spotsylvania County, Virginia",511770203082,1576,1264,1247,1236,11,17,312,51,177,20308,2
"Block Group 1, Census Tract 203.09, Spotsylvania County, Virginia",511770203091,1265,809,800,752,48,9,456,51,177,20309,1
"Block Group 2, Census Tract 203.09, Spotsylvania County, Virginia",511770203092,871,750,750,697,53,0,121,51,177,20309,2
"Block Group 4, Census Tract 203.09, Spotsylvania County, Virginia",511770203094,1922,1493,1493,1434,59,0,429,51,177,20309,4
"Block Group 1, Census Tract 203.11, Spotsylvania County, Virginia",511770203111,1006,712,712,712,0,0,294,51,177,20311,1
"Block Group 3, Census Tract 203.11, Spotsylvania County, Virginia",511770203113,1462,825,825,740,85,0,637,51,177,20311,3
"Block Group 4, Census Tract 203.11, Spotsylvania County, Virginia",511770203114,1213,732,710,682,28,22,481,51,177,20311,4
"Block Group 1, Census Tract 203.12, Spotsylvania County, Virginia",511770203121,2567,1193,1193,1066,127,0,1374,51,177,20312,1
"Block Group 2, Census Tract 203.12, Spotsylvania County, Virginia",511770203122,1818,1324,1324,1261,63,0,494,51,177,20312,2
"Block Group 1, Census Tract 203.14, Spotsylvania County, Virginia",511770203141,831,751,751,719,32,0,80,51,177,20314,1
"Block Group 2, Census Tract 203.14, Spotsylvania County, Virginia",511770203142,39,0,0,0,0,0,39,51,177,20314,2
"Block Group 2, Census Tract 203.15, Spotsylvania County, Virginia",511770203152,228,182,182,173,9,0,46,51,177,20315,2
"Block Group 1, Census Tract 203.16, Spotsylvania County, Virginia",511770203161,2418,1698,1698,1644,54,0,720,51,177,20316,1
"Block Group 3, Census Tract 203.16, Spotsylvania County, Virginia",511770203163,1460,1097,1019,958,61,78,363,51,177,20316,3
"Block Group 1, Census Tract 204.03, Spotsylvania County, Virginia",511770204031,1236,906,906,732,174,0,330,51,177,20403,1
"Block Group 3, Census Tract 204.03, Spotsylvania County, Virginia",511770204033,856,507,507,482,25,0,349,51,177,20403,3
"Block Group 4, Census Tract 204.03, Spotsylvania County, Virginia",511770204034,564,414,414,395,19,0,150,51,177,20403,4
"Block Group 2, Census Tract 204.04, Spotsylvania County, Virginia",511770204042,1020,588,588,519,69,0,432,51,177,20404,2
"Block Group 3, Census Tract 204.04, Spotsylvania County, Virginia",511770204043,1189,808,782,762,20,26,381,51,177,20404,3
"Block Group 2, Census Tract 204.05, Spotsylvania County, Virginia",511770204052,1437,873,853,837,16,20,564,51,177,20405,2
"Block Group 3, Census Tract 204.05, Spotsylvania County, Virginia",511770204053,555,317,304,304,0,13,238,51,177,20405,3
"Block Group 2, Census Tract 204.06, Spotsylvania County, Virginia",511770204062,968,675,675,656,19,0,293,51,177,20406,2
"Block Group 3, Census Tract 204.06, Spotsylvania County, Virginia",511770204063,1159,712,712,686,26,0,447,51,177,20406,3
"Block Group 2, Census Tract 204.07, Spotsylvania County, Virginia",511770204072,1831,996,996,996,0,0,835,51,177,20407,2
"Block Group 3, Census Tract 204.07, Spotsylvania County, Virginia",511770204073,2509,1243,1243,1196,47,0,1266,51,177,20407,3
"Block Group 2, Census Tract 204.08, Spotsylvania County, Virginia",511770204082,954,749,736,712,24,13,205,51,177,20408,2
"Block Group 1, Census Tract 101.03, Stafford County, Virginia",511790101031,1152,744,731,717,14,13,408,51,179,10103,1
"Block Group 3, Census Tract 101.03, Stafford County, Virginia",511790101033,1653,1139,1065,988,77,74,514,51,179,10103,3
"Block Group 1, Census Tract 101.05, Stafford County, Virginia",511790101051,1570,1227,1227,1199,28,0,343,51,179,10105,1
"Block Group 4, Census Tract 101.05, Stafford County, Virginia",511790101054,2678,2182,2182,2114,68,0,496,51,179,10105,4
"Block Group 2, Census Tract 101.06, Stafford County, Virginia",511790101062,1260,804,789,773,16,15,456,51,179,10106,2
"Block Group 1, Census Tract 101.07, Stafford County, Virginia",511790101071,954,624,612,605,7,12,330,51,179,10107,1
"Block Group 2, Census Tract 101.07, Stafford County, Virginia",511790101072,1515,1151,1122,1092,30,29,364,51,179,10107,2
"Block Group 1, Census Tract 101.08, Stafford County, Virginia",511790101081,661,463,443,432,11,20,198,51,179,10108,1
"Block Group 2, Census Tract 101.08, Stafford County, Virginia",511790101082,1081,811,795,734,61,16,270,51,179,10108,2
"Block Group 3, Census Tract 101.08, Stafford County, Virginia",511790101083,2746,2069,2014,1925,89,55,677,51,179,10108,3
"Block Group 1, Census Tract 102.01, Stafford County, Virginia",511790102011,2082,1985,380,380,0,1605,97,51,179,10201,1
"Block Group 1, Census Tract 102.02, Stafford County, Virginia",511790102021,1083,742,722,702,20,20,341,51,179,10202,1
"Block Group 2, Census Tract 102.02, Stafford County, Virginia",511790102022,2402,1481,1433,1394,39,48,921,51,179,10202,2
"Block Group 3, Census Tract 102.02, Stafford County, Virginia",511790102023,2002,1369,1353,1311,42,16,633,51,179,10202,3
"Block Group 2, Census Tract 120, Hampton city, Virginia",516500120002,774,557,557,521,36,0,217,51,650,12000,2
"Block Group 1, Census Tract 121, Hampton city, Virginia",516500121001,607,317,254,254,0,63,290,51,650,12100,1
"Block Group 3, Census Tract 121, Hampton city, Virginia",516500121003,1458,1031,1031,1031,0,0,427,51,650,12100,3
"Block Group 4, Census Tract 121, Hampton city, Virginia",516500121004,504,325,325,325,0,0,179,51,650,12100,4
"Block Group 1, Census Tract 1.01, Harrisonburg city, Virginia",516600001011,595,518,518,451,67,0,77,51,660,101,1
"Block Group 2, Census Tract 1.01, Harrisonburg city, Virginia",516600001012,688,518,518,518,0,0,170,51,660,101,2
"Block Group 4, Census Tract 1.01, Harrisonburg city, Virginia",516600001014,1708,1257,1247,1203,44,10,451,51,660,101,4
"Block Group 1, Census Tract 1.02, Harrisonburg city, Virginia",516600001021,847,617,617,584,33,0,230,51,660,102,1
"Block Group 3, Census Tract 1.02, Harrisonburg city, Virginia",516600001023,2493,1700,1700,1639,61,0,793,51,660,102,3
"Block Group 1, Census Tract 2.03, Harrisonburg city, Virginia",516600002031,1445,1072,1052,994,58,20,373,51,660,203,1
"Block Group 2, Census Tract 2.04, Harrisonburg city, Virginia",516600002042,715,381,381,381,0,0,334,51,660,204,2
"Block Group 3, Census Tract 2.04, Harrisonburg city, Virginia",516600002043,1065,797,797,778,19,0,268,51,660,204,3
"Block Group 1, Census Tract 2.05, Harrisonburg city, Virginia",516600002051,1816,1143,1143,1096,47,0,673,51,660,205,1
"Block Group 2, Census Tract 2.05, Harrisonburg city, Virginia",516600002052,893,675,675,627,48,0,218,51,660,205,2
"Block Group 3, Census Tract 2.05, Harrisonburg city, Virginia",516600002053,1438,880,853,853,0,27,558,51,660,205,3
"Block Group 4, Census Tract 2.05, Harrisonburg city, Virginia",516600002054,745,617,617,617,0,0,128,51,660,205,4
"Block Group 1, Census Tract 2.06, Harrisonburg city, Virginia",516600002061,5161,1337,1337,1184,153,0,3824,51,660,206,1
"Block Group 1, Census Tract 2.07, Harrisonburg city, Virginia",516600002071,1063,598,598,558,40,0,465,51,660,207,1
"Block Group 2, Census Tract 2.07, Harrisonburg city, Virginia",516600002072,1665,1037,1037,991,46,0,628,51,660,207,2
"Block Group 3, Census Tract 2.07, Harrisonburg city, Virginia",516600002073,2947,1236,1236,1153,83,0,1711,51,660,207,3
"Block Group 2, Census Tract 3.01, Harrisonburg city, Virginia",516600003012,1362,977,977,943,34,0,385,51,660,301,2
"Block Group 1, Census Tract 3.02, Harrisonburg city, Virginia",516600003021,1189,653,653,631,22,0,536,51,660,302,1
"Block Group 2, Census Tract 3.02, Harrisonburg city, Virginia",516600003022,1647,1062,1044,945,99,18,585,51,660,302,2
"Block Group 3, Census Tract 3.02, Harrisonburg city, Virginia",516600003023,1001,807,807,758,49,0,194,51,660,302,3
"Block Group 4, Census Tract 3.02, Harrisonburg city, Virginia",516600003024,806,360,360,360,0,0,446,51,660,302,4
"Block Group 1, Census Tract 4.01, Harrisonburg city, Virginia",516600004011,1236,716,716,692,24,0,520,51,660,401,1
"Block Group 2, Census Tract 4.01, Harrisonburg city, Virginia",516600004012,1573,576,576,540,36,0,997,51,660,401,2
"Block Group 2, Census Tract 4.02, Harrisonburg city, Virginia",516600004022,518,330,330,330,0,0,188,51,660,402,2
"Block Group 3, Census Tract 4.02, Harrisonburg city, Virginia",516600004023,851,234,234,219,15,0,617,51,660,402,3
"Block Group 5, Census Tract 4.02, Harrisonburg city, Virginia",516600004025,825,747,747,608,139,0,78,51,660,402,5
"Block Group 1, Census Tract 8201, Hopewell city, Virginia",516708201001,1167,648,648,577,71,0,519,51,670,820100,1
"Block Group 2, Census Tract 8203, Hopewell city, Virginia",516708203002,1474,1064,1064,977,87,0,410,51,670,820300,2
"Block Group 1, Census Tract 8204, Hopewell city, Virginia",516708204001,928,443,443,399,44,0,485,51,670,820400,1
"Block Group 3, Census Tract 8204, Hopewell city, Virginia",516708204003,1233,791,763,750,13,28,442,51,670,820400,3
"Block Group 4, Census Tract 8204, Hopewell city, Virginia",516708204004,1288,1020,1020,961,59,0,268,51,670,820400,4
"Block Group 2, Census Tract 8205, Hopewell city, Virginia",516708205002,867,608,608,594,14,0,259,51,670,820500,2
"Block Group 3, Census Tract 8205, Hopewell city, Virginia",516708205003,817,472,472,468,4,0,345,51,670,820500,3
"Block Group 1, Census Tract 8206, Hopewell city, Virginia",516708206001,674,486,322,313,9,164,188,51,670,820600,1
"Block Group 3, Census Tract 8206, Hopewell city, Virginia",516708206003,667,326,326,326,0,0,341,51,670,820600,3
"Block Group 4, Census Tract 8206, Hopewell city, Virginia",516708206004,1037,742,742,659,83,0,295,51,670,820600,4
"Block Group 1, Census Tract 8207, Hopewell city, Virginia",516708207001,2046,1342,1313,1216,97,29,704,51,670,820700,1
"Block Group 2, Census Tract 751.06, Suffolk city, Virginia",518000751062,1112,937,805,779,26,132,175,51,800,75106,2
"Block Group 3, Census Tract 751.06, Suffolk city, Virginia",518000751063,1059,893,855,739,116,38,166,51,800,75106,3
"Block Group 4, Census Tract 751.06, Suffolk city, Virginia",518000751064,537,414,377,377,0,37,123,51,800,75106,4
"Block Group 1, Census Tract 752.02, Suffolk city, Virginia",518000752021,743,635,608,597,11,27,108,51,800,75202,1
"Block Group 2, Census Tract 752.02, Suffolk city, Virginia",518000752022,505,318,311,311,0,7,187,51,800,75202,2
"Block Group 1, Census Tract 752.03, Suffolk city, Virginia",518000752031,919,621,582,582,0,39,298,51,800,75203,1
"Block Group 3, Census Tract 752.03, Suffolk city, Virginia",518000752033,1678,1047,983,942,41,64,631,51,800,75203,3
"Block Group 1, Census Tract 752.05, Suffolk city, Virginia",518000752051,2606,1687,1585,1517,68,102,919,51,800,75205,1
"Block Group 1, Census Tract 752.06, Suffolk city, Virginia",518000752061,2334,1876,1842,1830,12,34,458,51,800,75206,1
"Block Group 1, Census Tract 752.07, Suffolk city, Virginia",518000752071,809,636,599,584,15,37,173,51,800,75207,1
"Block Group 2, Census Tract 752.07, Suffolk city, Virginia",518000752072,547,329,320,298,22,9,218,51,800,75207,2
"Block Group 2, Census Tract 752.08, Suffolk city, Virginia",518000752082,855,601,591,591,0,10,254,51,800,75208,2
"Block Group 1, Census Tract 753.01, Suffolk city, Virginia",518000753011,709,389,384,380,4,5,320,51,800,75301,1
"Block Group 3, Census Tract 753.01, Suffolk city, Virginia",518000753013,649,441,435,435,0,6,208,51,800,75301,3
"Block Group 2, Census Tract 753.02, Suffolk city, Virginia",518000753022,795,468,468,434,34,0,327,51,800,75302,2
"Block Group 3, Census Tract 753.02, Suffolk city, Virginia",518000753023,487,343,343,343,0,0,144,51,800,75302,3
"Block Group 2, Census Tract 754.01, Suffolk city, Virginia",518000754012,1046,637,623,593,30,14,409,51,800,75401,2
"Block Group 1, Census Tract 754.02, Suffolk city, Virginia",518000754021,1639,1226,1093,958,135,133,413,51,800,75402,1
"Block Group 3, Census Tract 754.02, Suffolk city, Virginia",518000754023,773,530,522,522,0,8,243,51,800,75402,3
"Block Group 4, Census Tract 754.02, Suffolk city, Virginia",518000754024,925,757,728,661,67,29,168,51,800,75402,4
"Block Group 1, Census Tract 754.05, Suffolk city, Virginia",518000754051,503,271,257,249,8,14,232,51,800,75405,1
"Block Group 2, Census Tract 754.05, Suffolk city, Virginia",518000754052,525,349,338,338,0,11,176,51,800,75405,2
"Block Group 1, Census Tract 754.06, Suffolk city, Virginia",518000754061,1284,813,773,725,48,40,471,51,800,75406,1
"Block Group 2, Census Tract 754.06, Suffolk city, Virginia",518000754062,1132,856,773,709,64,83,276,51,800,75406,2
"Block Group 2, Census Tract 754.07, Suffolk city, Virginia",518000754072,708,343,343,343,0,0,365,51,800,75407,2
"Block Group 1, Census Tract 755.02, Suffolk city, Virginia",518000755021,991,801,753,706,47,48,190,51,800,75502,1
"Block Group 3, Census Tract 755.02, Suffolk city, Virginia",518000755023,1693,1152,960,925,35,192,541,51,800,75502,3
"Block Group 1, Census Tract 755.03, Suffolk city, Virginia",518000755031,527,340,340,340,0,0,187,51,800,75503,1
"Block Group 1, Census Tract 755.04, Suffolk city, Virginia",518000755041,644,318,318,275,43,0,326,51,800,75504,1
"Block Group 2, Census Tract 755.04, Suffolk city, Virginia",518000755042,470,401,376,358,18,25,69,51,800,75504,2
"Block Group 1, Census Tract 756.01, Suffolk city, Virginia",518000756011,1045,620,620,620,0,0,425,51,800,75601,1
"Block Group 1, Census Tract 756.02, Suffolk city, Virginia",518000756021,1013,668,663,648,15,5,345,51,800,75602,1
"Block Group 1, Census Tract 757.01, Suffolk city, Virginia",518000757011,867,587,579,566,13,8,280,51,800,75701,1
"Block Group 1, Census Tract 757.02, Suffolk city, Virginia",518000757021,308,175,175,175,0,0,133,51,800,75702,1
"Block Group 2, Census Tract 757.02, Suffolk city, Virginia",518000757022,1276,770,759,728,31,11,506,51,800,75702,2
"Block Group 4, Census Tract 757.02, Suffolk city, Virginia",518000757024,482,355,347,311,36,8,127,51,800,75702,4
"Block Group 1, Census Tract 757.03, Suffolk city, Virginia",518000757031,497,296,287,276,11,9,201,51,800,75703,1
"Block Group 1, Census Tract 758.01, Suffolk city, Virginia",518000758011,549,399,399,355,44,0,150,51,800,75801,1
"Block Group 2, Census Tract 758.01, Suffolk city, Virginia",518000758012,370,171,157,157,0,14,199,51,800,75801,2
"Block Group 4, Census Tract 758.01, Suffolk city, Virginia",518000758014,730,489,432,432,0,57,241,51,800,75801,4
"Block Group 1, Census Tract 758.02, Suffolk city, Virginia",518000758021,830,516,483,467,16,33,314,51,800,75802,1
"Block Group 1, Census Tract 803.02, Alleghany County, Virginia",510050803021,540,296,296,281,15,0,244,51,5,80302,1
"Block Group 2, Census Tract 803.02, Alleghany County, Virginia",510050803022,559,309,309,291,18,0,250,51,5,80302,2
"Block Group 2, Census Tract 9301.01, Amelia County, Virginia",510079301012,826,488,488,475,13,0,338,51,7,930101,2
"Block Group 1, Census Tract 9301.02, Amelia County, Virginia",510079301021,1131,799,799,755,44,0,332,51,7,930102,1
"Block Group 3, Census Tract 9301.02, Amelia County, Virginia",510079301023,1125,781,781,751,30,0,344,51,7,930102,3
"Block Group 1, Census Tract 9302, Amelia County, Virginia",510079302001,1439,918,918,898,20,0,521,51,7,930200,1
"Block Group 4, Census Tract 9302, Amelia County, Virginia",510079302004,1378,680,680,680,0,0,698,51,7,930200,4
"Block Group 2, Census Tract 101, Amherst County, Virginia",510090101002,1021,578,578,498,80,0,443,51,9,10100,2
"Block Group 3, Census Tract 101, Amherst County, Virginia",510090101003,422,245,245,194,51,0,177,51,9,10100,3
"Block Group 1, Census Tract 102.01, Amherst County, Virginia",510090102011,1574,940,940,940,0,0,634,51,9,10201,1
"Block Group 3, Census Tract 102.01, Amherst County, Virginia",510090102013,1617,761,761,703,58,0,856,51,9,10201,3
"Block Group 1, Census Tract 102.02, Amherst County, Virginia",510090102021,488,279,279,279,0,0,209,51,9,10202,1
"Block Group 1, Census Tract 103, Amherst County, Virginia",510090103001,730,461,461,445,16,0,269,51,9,10300,1
"Block Group 2, Census Tract 103, Amherst County, Virginia",510090103002,1127,706,706,706,0,0,421,51,9,10300,2
"Block Group 3, Census Tract 103, Amherst County, Virginia",510090103003,810,486,486,486,0,0,324,51,9,10300,3
"Block Group 1, Census Tract 104.01, Amherst County, Virginia",510090104011,1971,1168,1168,1125,43,0,803,51,9,10401,1
"Block Group 2, Census Tract 104.01, Amherst County, Virginia",510090104012,1009,828,828,819,9,0,181,51,9,10401,2
"Block Group 1, Census Tract 104.02, Amherst County, Virginia",510090104021,1700,1076,1076,1044,32,0,624,51,9,10402,1
"Block Group 2, Census Tract 104.02, Amherst County, Virginia",510090104022,959,663,663,641,22,0,296,51,9,10402,2
"Block Group 1, Census Tract 105.04, Amherst County, Virginia",510090105041,472,258,258,198,60,0,214,51,9,10504,1
"Block Group 2, Census Tract 105.04, Amherst County, Virginia",510090105042,621,365,365,320,45,0,256,51,9,10504,2
"Block Group 3, Census Tract 105.04, Amherst County, Virginia",510090105043,2119,1534,1534,1465,69,0,585,51,9,10504,3
"Block Group 1, Census Tract 105.05, Amherst County, Virginia",510090105051,843,480,475,421,54,5,363,51,9,10505,1
"Block Group 1, Census Tract 105.06, Amherst County, Virginia",510090105061,1453,825,825,745,80,0,628,51,9,10506,1
"Block Group 1, Census Tract 106, Amherst County, Virginia",510090106001,1373,890,890,820,70,0,483,51,9,10600,1
"Block Group 2, Census Tract 106, Amherst County, Virginia",510090106002,1024,537,537,525,12,0,487,51,9,10600,2
"Block Group 1, Census Tract 401.01, Appomattox County, Virginia",510110401011,2165,1535,1535,1501,34,0,630,51,11,40101,1
"Block Group 1, Census Tract 401.02, Appomattox County, Virginia",510110401021,943,471,469,439,30,2,472,51,11,40102,1
"Block Group 2, Census Tract 401.02, Appomattox County, Virginia",510110401022,920,547,547,539,8,0,373,51,11,40102,2
"Block Group 1, Census Tract 402, Appomattox County, Virginia",510110402001,781,489,489,481,8,0,292,51,11,40200,1
"Block Group 2, Census Tract 402, Appomattox County, Virginia",510110402002,973,603,603,600,3,0,370,51,11,40200,2
"Block Group 1, Census Tract 403, Appomattox County, Virginia",510110403001,1163,585,585,567,18,0,578,51,11,40300,1
"Block Group 2, Census Tract 403, Appomattox County, Virginia",510110403002,544,199,199,199,0,0,345,51,11,40300,2
"Block Group 4, Census Tract 403, Appomattox County, Virginia",510110403004,592,324,324,280,44,0,268,51,11,40300,4
"Block Group 2, Census Tract 1001, Arlington County, Virginia",510131001002,716,456,456,431,25,0,260,51,13,100100,2
"Block Group 3, Census Tract 1001, Arlington County, Virginia",510131001003,908,658,658,658,0,0,250,51,13,100100,3
"Block Group 1, Census Tract 1002, Arlington County, Virginia",510131002001,775,527,499,485,14,28,248,51,13,100200,1
"Block Group 2, Census Tract 1002, Arlington County, Virginia",510131002002,1219,501,487,487,0,14,718,51,13,100200,2
"Block Group 4, Census Tract 1002, Arlington County, Virginia",510131002004,1329,671,671,671,0,0,658,51,13,100200,4
"Block Group 5, Census Tract 1002, Arlington County, Virginia",510131002005,1261,901,881,849,32,20,360,51,13,100200,5
"Block Group 2, Census Tract 1003, Arlington County, Virginia",510131003002,1078,732,732,714,18,0,346,51,13,100300,2
"Block Group 3, Census Tract 4206, Fairfax County, Virginia",510594206003,1363,1113,1086,1070,16,27,250,51,59,420600,3
"Block Group 1, Census Tract 4207, Fairfax County, Virginia",510594207001,1830,1173,1130,1081,49,43,657,51,59,420700,1
"Block Group 2, Census Tract 4207, Fairfax County, Virginia",510594207002,1663,1204,1136,1085,51,68,459,51,59,420700,2
"Block Group 1, Census Tract 4208, Fairfax County, Virginia",510594208001,744,501,501,501,0,0,243,51,59,420800,1
"Block Group 2, Census Tract 4208, Fairfax County, Virginia",510594208002,722,567,567,529,38,0,155,51,59,420800,2
"Block Group 3, Census Tract 4208, Fairfax County, Virginia",510594208003,1447,1130,1130,1104,26,0,317,51,59,420800,3
"Block Group 1, Census Tract 4210.01, Fairfax County, Virginia",510594210011,2402,2050,2014,1961,53,36,352,51,59,421001,1
"Block Group 1, Census Tract 4210.02, Fairfax County, Virginia",510594210021,710,683,555,555,0,128,27,51,59,421002,1
"Block Group 2, Census Tract 4210.02, Fairfax County, Virginia",510594210022,2070,1529,1400,1349,51,129,541,51,59,421002,2
"Block Group 3, Census Tract 4210.02, Fairfax County, Virginia",510594210023,1835,1549,1549,1459,90,0,286,51,59,421002,3
"Block Group 1, Census Tract 4211.01, Fairfax County, Virginia",510594211011,405,341,327,313,14,14,64,51,59,421101,1
"Block Group 3, Census Tract 4211.01, Fairfax County, Virginia",510594211013,1800,1514,1419,1373,46,95,286,51,59,421101,3
"Block Group 1, Census Tract 4211.02, Fairfax County, Virginia",510594211021,1509,890,869,816,53,21,619,51,59,421102,1
"Block Group 1, Census Tract 4211.03, Fairfax County, Virginia",510594211031,1139,860,855,832,23,5,279,51,59,421103,1
"Block Group 2, Census Tract 4211.03, Fairfax County, Virginia",510594211032,1907,1381,1284,1264,20,97,526,51,59,421103,2
"Block Group 4, Census Tract 4211.03, Fairfax County, Virginia",510594211034,1142,700,667,645,22,33,442,51,59,421103,4
"Block Group 1, Census Tract 4212, Fairfax County, Virginia",510594212001,1631,987,949,935,14,38,644,51,59,421200,1
"Block Group 2, Census Tract 4213, Fairfax County, Virginia",510594213002,1088,685,619,534,85,66,403,51,59,421300,2
"Block Group 1, Census Tract 4214, Fairfax County, Virginia",510594214001,723,482,411,411,0,71,241,51,59,421400,1
"Block Group 3, Census Tract 4214, Fairfax County, Virginia",510594214003,855,624,624,624,0,0,231,51,59,421400,3
"Block Group 4, Census Tract 4214, Fairfax County, Virginia",510594214004,623,476,414,414,0,62,147,51,59,421400,4
"Block Group 1, Census Tract 4215, Fairfax County, Virginia",510594215001,2150,1457,1358,1223,135,99,693,51,59,421500,1
"Block Group 2, Census Tract 4215, Fairfax County, Virginia",510594215002,2046,1609,1609,1526,83,0,437,51,59,421500,2
"Block Group 4, Census Tract 4215, Fairfax County, Virginia",510594215004,750,453,453,357,96,0,297,51,59,421500,4
"Block Group 1, Census Tract 4216, Fairfax County, Virginia",510594216001,1928,1386,1386,1369,17,0,542,51,59,421600,1
"Block Group 3, Census Tract 4216, Fairfax County, Virginia",510594216003,824,633,633,616,17,0,191,51,59,421600,3
"Block Group 1, Census Tract 4217.01, Fairfax County, Virginia",510594217011,2521,2018,1981,1799,182,37,503,51,59,421701,1
"Block Group 1, Census Tract 4217.02, Fairfax County, Virginia",510594217021,1232,898,863,797,66,35,334,51,59,421702,1
"Block Group 2, Census Tract 4217.02, Fairfax County, Virginia",510594217022,2374,1631,1616,1578,38,15,743,51,59,421702,2
"Block Group 2, Census Tract 4218, Fairfax County, Virginia",510594218002,2193,1627,1604,1586,18,23,566,51,59,421800,2
"Block Group 3, Census Tract 4218, Fairfax County, Virginia",510594218003,1078,878,878,673,205,0,200,51,59,421800,3
"Block Group 2, Census Tract 4219, Fairfax County, Virginia",510594219002,961,834,274,274,0,560,127,51,59,421900,2
"Block Group 1, Census Tract 4220, Fairfax County, Virginia",510594220001,501,19,19,19,0,0,482,51,59,422000,1
"Block Group 2, Census Tract 4220, Fairfax County, Virginia",510594220002,2759,2210,2173,1980,193,37,549,51,59,422000,2
"Block Group 2, Census Tract 4221.01, Fairfax County, Virginia",510594221012,945,742,708,650,58,34,203,51,59,422101,2
"Block Group 3, Census Tract 4221.01, Fairfax County, Virginia",510594221013,1772,1499,1457,1452,5,42,273,51,59,422101,3
"Block Group 1, Census Tract 4221.02, Fairfax County, Virginia",510594221021,1444,1124,1088,1010,78,36,320,51,59,422102,1
"Block Group 2, Census Tract 4221.02, Fairfax County, Virginia",510594221022,1400,1090,1030,1030,0,60,310,51,59,422102,2
"Block Group 4, Census Tract 4221.02, Fairfax County, Virginia",510594221024,1014,845,845,766,79,0,169,51,59,422102,4
"Block Group 1, Census Tract 4222.01, Fairfax County, Virginia",510594222011,1616,879,874,847,27,5,737,51,59,422201,1
"Block Group 1, Census Tract 4222.02, Fairfax County, Virginia",510594222021,1600,1164,1154,1127,27,10,436,51,59,422202,1
"Block Group 2, Census Tract 9306.02, Halifax County, Virginia",510839306022,896,476,476,476,0,0,420,51,83,930602,2
"Block Group 1, Census Tract 9308, Halifax County, Virginia",510839308001,929,463,463,349,114,0,466,51,83,930800,1
"Block Group 3, Census Tract 9308, Halifax County, Virginia",510839308003,1571,808,808,761,47,0,763,51,83,930800,3
"Block Group 1, Census Tract 3201, Hanover County, Virginia",510853201001,319,216,207,207,0,9,103,51,85,320100,1
"Block Group 3, Census Tract 3201, Hanover County, Virginia",510853201003,1606,1166,1147,1147,0,19,440,51,85,320100,3
"Block Group 4, Census Tract 3201, Hanover County, Virginia",510853201004,989,557,557,509,48,0,432,51,85,320100,4
"Block Group 2, Census Tract 3202, Hanover County, Virginia",510853202002,1359,765,765,765,0,0,594,51,85,320200,2
"Block Group 1, Census Tract 3203, Hanover County, Virginia",510853203001,1168,653,653,618,35,0,515,51,85,320300,1
"Block Group 2, Census Tract 3203, Hanover County, Virginia",510853203002,656,421,421,396,25,0,235,51,85,320300,2
"Block Group 1, Census Tract 3204, Hanover County, Virginia",510853204001,2284,1618,1618,1562,56,0,666,51,85,320400,1
"Block Group 2, Census Tract 3204, Hanover County, Virginia",510853204002,1343,1003,1003,974,29,0,340,51,85,320400,2
"Block Group 1, Census Tract 3205, Hanover County, Virginia",510853205001,829,518,518,454,64,0,311,51,85,320500,1
"Block Group 2, Census Tract 3205, Hanover County, Virginia",510853205002,1153,574,574,555,19,0,579,51,85,320500,2
"Block Group 1, Census Tract 3206.01, Hanover County, Virginia",510853206011,1353,815,815,792,23,0,538,51,85,320601,1
"Block Group 2, Census Tract 3206.01, Hanover County, Virginia",510853206012,1932,966,966,956,10,0,966,51,85,320601,2
"Block Group 1, Census Tract 3206.02, Hanover County, Virginia",510853206021,1484,754,754,738,16,0,730,51,85,320602,1
"Block Group 2, Census Tract 3206.02, Hanover County, Virginia",510853206022,1241,959,959,868,91,0,282,51,85,320602,2
"Block Group 2, Census Tract 3207.01, Hanover County, Virginia",510853207012,2485,1814,1802,1795,7,12,671,51,85,320701,2
"Block Group 1, Census Tract 3207.02, Hanover County, Virginia",510853207021,1607,934,934,930,4,0,673,51,85,320702,1
"Block Group 1, Census Tract 3208.01, Hanover County, Virginia",510853208011,2489,1838,1838,1625,213,0,651,51,85,320801,1
"Block Group 1, Census Tract 3208.03, Hanover County, Virginia",510853208031,2939,2186,2176,2125,51,10,753,51,85,320803,1
"Block Group 3, Census Tract 3208.03, Hanover County, Virginia",510853208033,980,720,720,712,8,0,260,51,85,320803,3
"Block Group 1, Census Tract 3208.04, Hanover County, Virginia",510853208041,1460,1105,1105,1065,40,0,355,51,85,320804,1
"Block Group 2, Census Tract 3208.04, Hanover County, Virginia",510853208042,1288,1058,1058,1032,26,0,230,51,85,320804,2
"Block Group 3, Census Tract 3208.04, Hanover County, Virginia",510853208043,1484,1098,1098,1052,46,0,386,51,85,320804,3
"Block Group 1, Census Tract 3208.05, Hanover County, Virginia",510853208051,1223,917,917,906,11,0,306,51,85,320805,1
"Block Group 2, Census Tract 3208.05, Hanover County, Virginia",510853208052,1269,781,781,772,9,0,488,51,85,320805,2
"Block Group 1, Census Tract 3209.01, Hanover County, Virginia",510853209011,832,387,387,387,0,0,445,51,85,320901,1
"Block Group 2, Census Tract 3209.01, Hanover County, Virginia",510853209012,2467,1752,1742,1656,86,10,715,51,85,320901,2
"Block Group 3, Census Tract 3209.01, Hanover County, Virginia",510853209013,1406,1034,1034,1034,0,0,372,51,85,320901,3
"Block Group 1, Census Tract 3209.02, Hanover County, Virginia",510853209021,1011,725,725,673,52,0,286,51,85,320902,1
"Block Group 2, Census Tract 3209.02, Hanover County, Virginia",510853209022,1110,732,732,709,23,0,378,51,85,320902,2
"Block Group 1, Census Tract 3210.01, Hanover County, Virginia",510853210011,644,434,434,434,0,0,210,51,85,321001,1
"Block Group 2, Census Tract 3210.01, Hanover County, Virginia",510853210012,694,560,560,560,0,0,134,51,85,321001,2
"Block Group 3, Census Tract 3210.01, Hanover County, Virginia",510853210013,1649,695,695,695,0,0,954,51,85,321001,3
"Block Group 1, Census Tract 3210.03, Hanover County, Virginia",510853210031,2064,1527,1527,1494,33,0,537,51,85,321003,1
"Block Group 2, Census Tract 3210.04, Hanover County, Virginia",510853210042,951,724,724,687,37,0,227,51,85,321004,2
"Block Group 3, Census Tract 3210.04, Hanover County, Virginia",510853210043,1620,1118,1118,1102,16,0,502,51,85,321004,3
"Block Group 2, Census Tract 3211, Hanover County, Virginia",510853211002,772,576,576,566,10,0,196,51,85,321100,2
"Block Group 3, Census Tract 3211, Hanover County, Virginia",510853211003,1579,1280,1280,1269,11,0,299,51,85,321100,3
"Block Group 2, Census Tract 3212.01, Hanover County, Virginia",510853212012,1320,985,985,975,10,0,335,51,85,321201,2
"Block Group 3, Census Tract 203.02, Northumberland County, Virginia",511330203023,936,390,390,379,11,0,546,51,133,20302,3
"Block Group 0, Census Tract 9901, Northumberland County, Virginia",511339901000,0,0,0,0,0,0,0,51,133,990100,0
"Block Group 1, Census Tract 1.01, Nottoway County, Virginia",511350001011,648,341,341,341,0,0,307,51,135,101,1
"Block Group 2, Census Tract 1.01, Nottoway County, Virginia",511350001012,1105,364,364,360,4,0,741,51,135,101,2
"Block Group 1, Census Tract 1.02, Nottoway County, Virginia",511350001021,937,604,604,550,54,0,333,51,135,102,1
"Block Group 2, Census Tract 1.02, Nottoway County, Virginia",511350001022,1214,915,915,915,0,0,299,51,135,102,2
"Block Group 3, Census Tract 1.02, Nottoway County, Virginia",511350001023,362,171,171,153,18,0,191,51,135,102,3
"Block Group 1, Census Tract 2, Nottoway County, Virginia",511350002001,439,270,270,270,0,0,169,51,135,200,1
"Block Group 2, Census Tract 2, Nottoway County, Virginia",511350002002,679,391,391,391,0,0,288,51,135,200,2
"Block Group 3, Census Tract 2, Nottoway County, Virginia",511350002003,740,227,227,210,17,0,513,51,135,200,3
"Block Group 1, Census Tract 3, Nottoway County, Virginia",511350003001,1253,829,829,810,19,0,424,51,135,300,1
"Block Group 2, Census Tract 3, Nottoway County, Virginia",511350003002,385,190,190,179,11,0,195,51,135,300,2
"Block Group 3, Census Tract 3, Nottoway County, Virginia",511350003003,1352,748,748,665,83,0,604,51,135,300,3
"Block Group 4, Census Tract 3, Nottoway County, Virginia",511350003004,395,293,293,293,0,0,102,51,135,300,4
"Block Group 5, Census Tract 3, Nottoway County, Virginia",511350003005,2286,131,131,123,8,0,2155,51,135,300,5
"Block Group 6, Census Tract 3, Nottoway County, Virginia",511350003006,418,214,214,174,40,0,204,51,135,300,6
"Block Group 1, Census Tract 9801, Nottoway County, Virginia",511359801001,0,0,0,0,0,0,0,51,135,980100,1
"Block Group 1, Census Tract 1101.04, Orange County, Virginia",511371101041,1546,811,811,764,47,0,735,51,137,110104,1
"Block Group 1, Census Tract 1101.05, Orange County, Virginia",511371101051,1583,981,981,981,0,0,602,51,137,110105,1
"Block Group 1, Census Tract 1101.06, Orange County, Virginia",511371101061,1461,880,880,867,13,0,581,51,137,110106,1
"Block Group 2, Census Tract 1101.06, Orange County, Virginia",511371101062,1762,1328,1328,1213,115,0,434,51,137,110106,2
"Block Group 2, Census Tract 1101.07, Orange County, Virginia",511371101072,1548,701,701,566,135,0,847,51,137,110107,2
"Block Group 3, Census Tract 1101.07, Orange County, Virginia",511371101073,1894,1123,1123,1123,0,0,771,51,137,110107,3
"Block Group 2, Census Tract 1101.08, Orange County, Virginia",511371101082,1423,713,713,687,26,0,710,51,137,110108,2
"Block Group 3, Census Tract 1101.08, Orange County, Virginia",511371101083,1426,818,818,818,0,0,608,51,137,110108,3
"Block Group 2, Census Tract 1102, Orange County, Virginia",511371102002,2696,1692,1692,1449,243,0,1004,51,137,110200,2
"Block Group 1, Census Tract 1103.01, Orange County, Virginia",511371103011,1314,759,759,759,0,0,555,51,137,110301,1
"Block Group 1, Census Tract 1103.02, Orange County, Virginia",511371103021,1081,703,703,703,0,0,378,51,137,110302,1
"Block Group 2, Census Tract 1103.02, Orange County, Virginia",511371103022,1953,1099,1099,1087,12,0,854,51,137,110302,2
"Block Group 2, Census Tract 301, Page County, Virginia",511390301002,800,625,625,617,8,0,175,51,139,30100,2
"Block Group 3, Census Tract 301, Page County, Virginia",511390301003,822,459,459,435,24,0,363,51,139,30100,3
"Block Group 2, Census Tract 302, Page County, Virginia",511390302002,1299,552,552,552,0,0,747,51,139,30200,2
"Block Group 4, Census Tract 302, Page County, Virginia",511390302004,633,323,323,323,0,0,310,51,139,30200,4
"Block Group 1, Census Tract 303, Page County, Virginia",511390303001,1130,846,846,794,52,0,284,51,139,30300,1
"Block Group 3, Census Tract 303, Page County, Virginia",511390303003,1408,561,561,561,0,0,847,51,139,30300,3
"Block Group 4, Census Tract 303, Page County, Virginia",511390303004,655,422,422,353,69,0,233,51,139,30300,4
"Block Group 2, Census Tract 304.01, Page County, Virginia",511390304012,788,418,418,371,47,0,370,51,139,30401,2
"Block Group 1, Census Tract 304.02, Page County, Virginia",511390304021,1384,877,871,792,79,6,507,51,139,30402,1
"Block Group 3, Census Tract 304.02, Page County, Virginia",511390304023,890,459,459,400,59,0,431,51,139,30402,3
"Block Group 1, Census Tract 305, Page County, Virginia",511390305001,772,415,415,365,50,0,357,51,139,30500,1
"Block Group 3, Census Tract 305, Page County, Virginia",511390305003,485,298,298,298,0,0,187,51,139,30500,3
"Block Group 1, Census Tract 102.05, Stafford County, Virginia",511790102051,1561,1239,1222,1084,138,17,322,51,179,10205,1
"Block Group 2, Census Tract 102.05, Stafford County, Virginia",511790102052,803,666,648,640,8,18,137,51,179,10205,2
"Block Group 3, Census Tract 102.05, Stafford County, Virginia",511790102053,1598,1163,1117,1050,67,46,435,51,179,10205,3
"Block Group 4, Census Tract 102.05, Stafford County, Virginia",511790102054,1126,670,653,623,30,17,456,51,179,10205,4
"Block Group 1, Census Tract 102.06, Stafford County, Virginia",511790102061,1843,1304,1282,1266,16,22,539,51,179,10206,1
"Block Group 3, Census Tract 102.06, Stafford County, Virginia",511790102063,1235,913,907,888,19,6,322,51,179,10206,3
"Block Group 1, Census Tract 102.10, Stafford County, Virginia",511790102101,1029,700,660,631,29,40,329,51,179,10210,1
"Block Group 3, Census Tract 102.10, Stafford County, Virginia",511790102103,1892,1378,1181,1135,46,197,514,51,179,10210,3
"Block Group 4, Census Tract 102.10, Stafford County, Virginia",511790102104,1318,1100,1089,1065,24,11,218,51,179,10210,4
"Block Group 2, Census Tract 102.11, Stafford County, Virginia",511790102112,1637,1212,1212,1102,110,0,425,51,179,10211,2
"Block Group 3, Census Tract 102.11, Stafford County, Virginia",511790102113,749,524,508,508,0,16,225,51,179,10211,3
"Block Group 2, Census Tract 102.12, Stafford County, Virginia",511790102122,1605,1297,1172,1154,18,125,308,51,179,10212,2
"Block Group 1, Census Tract 102.13, Stafford County, Virginia",511790102131,806,649,583,540,43,66,157,51,179,10213,1
"Block Group 1, Census Tract 102.14, Stafford County, Virginia",511790102141,1059,760,750,676,74,10,299,51,179,10214,1
"Block Group 2, Census Tract 102.14, Stafford County, Virginia",511790102142,1970,1555,1498,1431,67,57,415,51,179,10214,2
"Block Group 1, Census Tract 102.16, Stafford County, Virginia",511790102161,236,194,194,194,0,0,42,51,179,10216,1
"Block Group 3, Census Tract 102.16, Stafford County, Virginia",511790102163,1667,1223,1169,1132,37,54,444,51,179,10216,3
"Block Group 4, Census Tract 102.16, Stafford County, Virginia",511790102164,1689,1251,1124,1120,4,127,438,51,179,10216,4
"Block Group 2, Census Tract 102.17, Stafford County, Virginia",511790102172,2335,1666,1658,1617,41,8,669,51,179,10217,2
"Block Group 1, Census Tract 102.19, Stafford County, Virginia",511790102191,678,578,578,578,0,0,100,51,179,10219,1
"Block Group 1, Census Tract 103.01, Stafford County, Virginia",511790103011,1850,1435,1435,1324,111,0,415,51,179,10301,1
"Block Group 1, Census Tract 103.04, Stafford County, Virginia",511790103041,2506,1914,1914,1862,52,0,592,51,179,10304,1
"Block Group 2, Census Tract 103.04, Stafford County, Virginia",511790103042,1522,918,918,910,8,0,604,51,179,10304,2
"Block Group 1, Census Tract 103.05, Stafford County, Virginia",511790103051,1844,1093,1087,1052,35,6,751,51,179,10305,1
"Block Group 2, Census Tract 103.05, Stafford County, Virginia",511790103052,352,185,185,185,0,0,167,51,179,10305,2
"Block Group 4, Census Tract 103.05, Stafford County, Virginia",511790103054,1547,1140,1103,1027,76,37,407,51,179,10305,4
"Block Group 1, Census Tract 103.06, Stafford County, Virginia",511790103061,1353,872,795,783,12,77,481,51,179,10306,1
"Block Group 2, Census Tract 103.07, Stafford County, Virginia",511790103072,1614,547,528,476,52,19,1067,51,179,10307,2
"Block Group 3, Census Tract 103.07, Stafford County, Virginia",511790103073,2204,1669,1657,1572,85,12,535,51,179,10307,3
"Block Group 1, Census Tract 104.03, Stafford County, Virginia",511790104031,1270,859,844,834,10,15,411,51,179,10403,1
"Block Group 2, Census Tract 104.03, Stafford County, Virginia",511790104032,1637,1309,1285,1227,58,24,328,51,179,10403,2
"Block Group 2, Census Tract 104.04, Stafford County, Virginia",511790104042,855,634,634,609,25,0,221,51,179,10404,2
"Block Group 3, Census Tract 104.04, Stafford County, Virginia",511790104043,960,366,366,346,20,0,594,51,179,10404,3
"Block Group 4, Census Tract 104.04, Stafford County, Virginia",511790104044,2189,1478,1478,1390,88,0,711,51,179,10404,4
"Block Group 1, Census Tract 104.05, Stafford County, Virginia",511790104051,1607,1137,1118,1118,0,19,470,51,179,10405,1
"Block Group 2, Census Tract 104.05, Stafford County, Virginia",511790104052,1109,733,733,718,15,0,376,51,179,10405,2
"Block Group 3, Census Tract 104.05, Stafford County, Virginia",511790104053,567,377,377,343,34,0,190,51,179,10405,3
"Block Group 4, Census Tract 104.05, Stafford County, Virginia",511790104054,2080,1274,1243,1195,48,31,806,51,179,10405,4
"Block Group 1, Census Tract 104.06, Stafford County, Virginia",511790104061,962,655,655,655,0,0,307,51,179,10406,1
"Block Group 2, Census Tract 104.06, Stafford County, Virginia",511790104062,1615,1219,1173,1126,47,46,396,51,179,10406,2
"Block Group 1, Census Tract 105.02, Stafford County, Virginia",511790105021,482,320,320,292,28,0,162,51,179,10502,1
"Block Group 1, Census Tract 9801, Hopewell city, Virginia",516709801001,0,0,0,0,0,0,0,51,670,980100,1
"Block Group 2, Census Tract 9305.01, Lexington city, Virginia",516789305012,1028,512,512,484,28,0,516,51,678,930501,2
"Block Group 3, Census Tract 9305.01, Lexington city, Virginia",516789305013,1023,406,406,382,24,0,617,51,678,930501,3
"Block Group 5, Census Tract 9305.01, Lexington city, Virginia",516789305015,586,488,488,466,22,0,98,51,678,930501,5
"Block Group 1, Census Tract 9800, Lexington city, Virginia",516789800001,3042,875,875,854,21,0,2167,51,678,980000,1
"Block Group 2, Census Tract 1, Lynchburg city, Virginia",516800001002,1375,727,727,671,56,0,648,51,680,100,2
"Block Group 3, Census Tract 1, Lynchburg city, Virginia",516800001003,808,528,528,518,10,0,280,51,680,100,3
"Block Group 2, Census Tract 2.01, Lynchburg city, Virginia",516800002012,1326,910,910,860,50,0,416,51,680,201,2
"Block Group 3, Census Tract 2.01, Lynchburg city, Virginia",516800002013,1571,1002,1002,1002,0,0,569,51,680,201,3
"Block Group 1, Census Tract 2.03, Lynchburg city, Virginia",516800002031,2023,898,898,831,67,0,1125,51,680,203,1
"Block Group 1, Census Tract 2.04, Lynchburg city, Virginia",516800002041,1606,1206,1206,1183,23,0,400,51,680,204,1
"Block Group 1, Census Tract 2.05, Lynchburg city, Virginia",516800002051,1728,885,885,820,65,0,843,51,680,205,1
"Block Group 2, Census Tract 2.05, Lynchburg city, Virginia",516800002052,910,571,571,490,81,0,339,51,680,205,2
"Block Group 2, Census Tract 3, Lynchburg city, Virginia",516800003002,1697,1082,1082,869,213,0,615,51,680,300,2
"Block Group 3, Census Tract 3, Lynchburg city, Virginia",516800003003,905,549,549,516,33,0,356,51,680,300,3
"Block Group 1, Census Tract 4, Lynchburg city, Virginia",516800004001,1439,804,804,751,53,0,635,51,680,400,1
"Block Group 2, Census Tract 4, Lynchburg city, Virginia",516800004002,877,519,519,469,50,0,358,51,680,400,2
"Block Group 1, Census Tract 5, Lynchburg city, Virginia",516800005001,541,510,490,479,11,20,31,51,680,500,1
"Block Group 1, Census Tract 6, Lynchburg city, Virginia",516800006001,596,407,407,330,77,0,189,51,680,600,1
"Block Group 2, Census Tract 6, Lynchburg city, Virginia",516800006002,1197,723,723,641,82,0,474,51,680,600,2
"Block Group 3, Census Tract 6, Lynchburg city, Virginia",516800006003,966,349,349,338,11,0,617,51,680,600,3
"Block Group 1, Census Tract 7, Lynchburg city, Virginia",516800007001,372,224,224,224,0,0,148,51,680,700,1
"Block Group 2, Census Tract 7, Lynchburg city, Virginia",516800007002,1586,1003,963,884,79,40,583,51,680,700,2
"Block Group 3, Census Tract 7, Lynchburg city, Virginia",516800007003,940,548,548,521,27,0,392,51,680,700,3
"Block Group 1, Census Tract 8.01, Lynchburg city, Virginia",516800008011,1521,1186,1186,1116,70,0,335,51,680,801,1
"Block Group 1, Census Tract 8.02, Lynchburg city, Virginia",516800008021,774,581,581,548,33,0,193,51,680,802,1
"Block Group 2, Census Tract 8.02, Lynchburg city, Virginia",516800008022,835,537,537,537,0,0,298,51,680,802,2
"Block Group 3, Census Tract 8.02, Lynchburg city, Virginia",516800008023,1229,927,919,873,46,8,302,51,680,802,3
"Block Group 1, Census Tract 9.01, Lynchburg city, Virginia",516800009011,1224,551,551,551,0,0,673,51,680,901,1
"Block Group 3, Census Tract 9.01, Lynchburg city, Virginia",516800009013,1110,592,592,399,193,0,518,51,680,901,3
"Block Group 1, Census Tract 9.02, Lynchburg city, Virginia",516800009021,938,786,753,712,41,33,152,51,680,902,1
"Block Group 1, Census Tract 10, Lynchburg city, Virginia",516800010001,1254,808,797,761,36,11,446,51,680,1000,1
"Block Group 2, Census Tract 10, Lynchburg city, Virginia",516800010002,748,489,489,450,39,0,259,51,680,1000,2
"Block Group 1, Census Tract 11, Lynchburg city, Virginia",516800011001,1293,682,682,612,70,0,611,51,680,1100,1
"Block Group 2, Census Tract 14, Lynchburg city, Virginia",516800014002,3270,1131,1131,969,162,0,2139,51,680,1400,2
"Block Group 3, Census Tract 14, Lynchburg city, Virginia",516800014003,2151,780,780,697,83,0,1371,51,680,1400,3
"Block Group 2, Census Tract 16.01, Lynchburg city, Virginia",516800016012,1384,954,954,904,50,0,430,51,680,1601,2
"Block Group 1, Census Tract 16.02, Lynchburg city, Virginia",516800016021,849,673,673,673,0,0,176,51,680,1602,1
"Block Group 1, Census Tract 16.03, Lynchburg city, Virginia",516800016031,1191,679,679,664,15,0,512,51,680,1603,1
"Block Group 2, Census Tract 16.03, Lynchburg city, Virginia",516800016032,1165,707,707,694,13,0,458,51,680,1603,2
"Block Group 2, Census Tract 17, Lynchburg city, Virginia",516800017002,600,243,243,243,0,0,357,51,680,1700,2
"Block Group 2, Census Tract 758.02, Suffolk city, Virginia",518000758022,947,553,553,549,4,0,394,51,800,75802,2
"Block Group 1, Census Tract 758.03, Suffolk city, Virginia",518000758031,439,286,286,262,24,0,153,51,800,75803,1
"Block Group 2, Census Tract 758.03, Suffolk city, Virginia",518000758032,661,405,399,399,0,6,256,51,800,75803,2
"Block Group 1, Census Tract 400, Virginia Beach city, Virginia",518100400001,1795,1754,217,217,0,1537,41,51,810,40000,1
"Block Group 2, Census Tract 400, Virginia Beach city, Virginia",518100400002,738,547,224,220,4,323,191,51,810,40000,2
"Block Group 1, Census Tract 402, Virginia Beach city, Virginia",518100402001,1534,998,912,901,11,86,536,51,810,40200,1
"Block Group 2, Census Tract 402, Virginia Beach city, Virginia",518100402002,1904,1185,1151,1026,125,34,719,51,810,40200,2
"Block Group 3, Census Tract 402, Virginia Beach city, Virginia",518100402003,660,509,495,464,31,14,151,51,810,40200,3
"Block Group 1, Census Tract 404.03, Virginia Beach city, Virginia",518100404031,937,708,635,628,7,73,229,51,810,40403,1
"Block Group 2, Census Tract 404.03, Virginia Beach city, Virginia",518100404032,1124,804,742,688,54,62,320,51,810,40403,2
"Block Group 3, Census Tract 404.03, Virginia Beach city, Virginia",518100404033,1026,814,692,642,50,122,212,51,810,40403,3
"Block Group 1, Census Tract 404.04, Virginia Beach city, Virginia",518100404041,1382,1029,936,916,20,93,353,51,810,40404,1
"Block Group 2, Census Tract 404.04, Virginia Beach city, Virginia",518100404042,1617,1007,934,911,23,73,610,51,810,40404,2
"Block Group 3, Census Tract 404.04, Virginia Beach city, Virginia",518100404043,508,345,325,325,0,20,163,51,810,40404,3
"Block Group 5, Census Tract 404.04, Virginia Beach city, Virginia",518100404045,1550,986,892,874,18,94,564,51,810,40404,5
"Block Group 1, Census Tract 404.05, Virginia Beach city, Virginia",518100404051,941,529,509,509,0,20,412,51,810,40405,1
"Block Group 1, Census Tract 404.06, Virginia Beach city, Virginia",518100404061,1345,953,907,829,78,46,392,51,810,40406,1
"Block Group 2, Census Tract 404.06, Virginia Beach city, Virginia",518100404062,968,704,600,565,35,104,264,51,810,40406,2
"Block Group 1, Census Tract 406, Virginia Beach city, Virginia",518100406001,2740,2012,1937,1877,60,75,728,51,810,40600,1
"Block Group 2, Census Tract 406, Virginia Beach city, Virginia",518100406002,1427,1156,1133,893,240,23,271,51,810,40600,2
"Block Group 4, Census Tract 406, Virginia Beach city, Virginia",518100406004,873,559,559,559,0,0,314,51,810,40600,4
"Block Group 1, Census Tract 408.01, Virginia Beach city, Virginia",518100408011,623,437,425,393,32,12,186,51,810,40801,1
"Block Group 3, Census Tract 408.01, Virginia Beach city, Virginia",518100408013,738,469,461,461,0,8,269,51,810,40801,3
"Block Group 4, Census Tract 408.01, Virginia Beach city, Virginia",518100408014,901,603,594,594,0,9,298,51,810,40801,4
"Block Group 2, Census Tract 408.02, Virginia Beach city, Virginia",518100408022,667,516,494,471,23,22,151,51,810,40802,2
"Block Group 3, Census Tract 408.02, Virginia Beach city, Virginia",518100408023,2290,1648,1486,1465,21,162,642,51,810,40802,3
"Block Group 1, Census Tract 410.02, Virginia Beach city, Virginia",518100410021,1304,918,893,870,23,25,386,51,810,41002,1
"Block Group 2, Census Tract 410.02, Virginia Beach city, Virginia",518100410022,594,375,375,370,5,0,219,51,810,41002,2
"Block Group 2, Census Tract 410.03, Virginia Beach city, Virginia",518100410032,897,808,702,622,80,106,89,51,810,41003,2
"Block Group 3, Census Tract 410.03, Virginia Beach city, Virginia",518100410033,896,569,569,558,11,0,327,51,810,41003,3
"Block Group 1, Census Tract 410.04, Virginia Beach city, Virginia",518100410041,691,518,504,504,0,14,173,51,810,41004,1
"Block Group 2, Census Tract 410.04, Virginia Beach city, Virginia",518100410042,430,367,356,333,23,11,63,51,810,41004,2
"Block Group 4, Census Tract 410.04, Virginia Beach city, Virginia",518100410044,1126,798,794,774,20,4,328,51,810,41004,4
"Block Group 1, Census Tract 412, Virginia Beach city, Virginia",518100412001,974,611,587,575,12,24,363,51,810,41200,1
"Block Group 2, Census Tract 412, Virginia Beach city, Virginia",518100412002,1838,1267,1199,1117,82,68,571,51,810,41200,2
"Block Group 4, Census Tract 412, Virginia Beach city, Virginia",518100412004,796,421,421,416,5,0,375,51,810,41200,4
"Block Group 2, Census Tract 414, Virginia Beach city, Virginia",518100414002,1068,755,735,735,0,20,313,51,810,41400,2
"Block Group 3, Census Tract 414, Virginia Beach city, Virginia",518100414003,1314,721,672,665,7,49,593,51,810,41400,3
"Block Group 2, Census Tract 416, Virginia Beach city, Virginia",518100416002,549,337,321,306,15,16,212,51,810,41600,2
"Block Group 3, Census Tract 416, Virginia Beach city, Virginia",518100416003,735,301,279,279,0,22,434,51,810,41600,3
"Block Group 3, Census Tract 1003, Arlington County, Virginia",510131003003,919,608,608,608,0,0,311,51,13,100300,3
"Block Group 5, Census Tract 1003, Arlington County, Virginia",510131003005,1207,733,733,677,56,0,474,51,13,100300,5
"Block Group 1, Census Tract 1004, Arlington County, Virginia",510131004001,1220,765,765,745,20,0,455,51,13,100400,1
"Block Group 3, Census Tract 1004, Arlington County, Virginia",510131004003,1223,822,822,806,16,0,401,51,13,100400,3
"Block Group 1, Census Tract 1005, Arlington County, Virginia",510131005001,799,662,655,623,32,7,137,51,13,100500,1
"Block Group 3, Census Tract 1005, Arlington County, Virginia",510131005003,891,722,722,722,0,0,169,51,13,100500,3
"Block Group 4, Census Tract 1005, Arlington County, Virginia",510131005004,917,614,604,571,33,10,303,51,13,100500,4
"Block Group 2, Census Tract 1006, Arlington County, Virginia",510131006002,661,525,509,497,12,16,136,51,13,100600,2
"Block Group 3, Census Tract 1006, Arlington County, Virginia",510131006003,894,657,657,657,0,0,237,51,13,100600,3
"Block Group 2, Census Tract 1007, Arlington County, Virginia",510131007002,562,362,362,345,17,0,200,51,13,100700,2
"Block Group 3, Census Tract 1007, Arlington County, Virginia",510131007003,529,448,448,448,0,0,81,51,13,100700,3
"Block Group 5, Census Tract 1007, Arlington County, Virginia",510131007005,807,636,568,568,0,68,171,51,13,100700,5
"Block Group 2, Census Tract 1008, Arlington County, Virginia",510131008002,676,472,472,458,14,0,204,51,13,100800,2
"Block Group 1, Census Tract 1009, Arlington County, Virginia",510131009001,1356,1090,1090,1019,71,0,266,51,13,100900,1
"Block Group 3, Census Tract 1009, Arlington County, Virginia",510131009003,645,478,469,462,7,9,167,51,13,100900,3
"Block Group 4, Census Tract 1009, Arlington County, Virginia",510131009004,828,689,689,689,0,0,139,51,13,100900,4
"Block Group 1, Census Tract 1010, Arlington County, Virginia",510131010001,524,464,450,450,0,14,60,51,13,101000,1
"Block Group 2, Census Tract 1010, Arlington County, Virginia",510131010002,853,515,515,496,19,0,338,51,13,101000,2
"Block Group 3, Census Tract 1010, Arlington County, Virginia",510131010003,543,450,445,445,0,5,93,51,13,101000,3
"Block Group 4, Census Tract 1010, Arlington County, Virginia",510131010004,658,489,489,424,65,0,169,51,13,101000,4
"Block Group 1, Census Tract 1011, Arlington County, Virginia",510131011001,913,673,658,634,24,15,240,51,13,101100,1
"Block Group 2, Census Tract 1011, Arlington County, Virginia",510131011002,611,490,490,459,31,0,121,51,13,101100,2
"Block Group 3, Census Tract 1011, Arlington County, Virginia",510131011003,1082,682,648,648,0,34,400,51,13,101100,3
"Block Group 4, Census Tract 1011, Arlington County, Virginia",510131011004,1404,1092,1078,1078,0,14,312,51,13,101100,4
"Block Group 5, Census Tract 1011, Arlington County, Virginia",510131011005,673,519,519,519,0,0,154,51,13,101100,5
"Block Group 1, Census Tract 1012, Arlington County, Virginia",510131012001,1514,987,963,925,38,24,527,51,13,101200,1
"Block Group 2, Census Tract 1012, Arlington County, Virginia",510131012002,680,448,448,448,0,0,232,51,13,101200,2
"Block Group 3, Census Tract 1012, Arlington County, Virginia",510131012003,821,635,635,624,11,0,186,51,13,101200,3
"Block Group 2, Census Tract 1013, Arlington County, Virginia",510131013002,694,560,560,542,18,0,134,51,13,101300,2
"Block Group 3, Census Tract 1013, Arlington County, Virginia",510131013003,414,351,351,351,0,0,63,51,13,101300,3
"Block Group 5, Census Tract 1013, Arlington County, Virginia",510131013005,1173,964,947,947,0,17,209,51,13,101300,5
"Block Group 6, Census Tract 1013, Arlington County, Virginia",510131013006,743,622,605,592,13,17,121,51,13,101300,6
"Block Group 2, Census Tract 1014.02, Arlington County, Virginia",510131014022,1054,886,886,886,0,0,168,51,13,101402,2
"Block Group 2, Census Tract 1014.05, Arlington County, Virginia",510131014052,1013,813,813,801,12,0,200,51,13,101405,2
"Block Group 1, Census Tract 1014.06, Arlington County, Virginia",510131014061,937,710,710,710,0,0,227,51,13,101406,1
"Block Group 3, Census Tract 1014.06, Arlington County, Virginia",510131014063,307,297,297,297,0,0,10,51,13,101406,3
"Block Group 1, Census Tract 1014.07, Arlington County, Virginia",510131014071,1848,1696,1696,1682,14,0,152,51,13,101407,1
"Block Group 3, Census Tract 1014.07, Arlington County, Virginia",510131014073,1176,1138,1124,1124,0,14,38,51,13,101407,3
"Block Group 1, Census Tract 1014.08, Arlington County, Virginia",510131014081,451,451,451,366,85,0,0,51,13,101408,1
"Block Group 1, Census Tract 1014.09, Arlington County, Virginia",510131014091,938,853,853,839,14,0,85,51,13,101409,1
"Block Group 2, Census Tract 1014.09, Arlington County, Virginia",510131014092,1010,609,609,591,18,0,401,51,13,101409,2
"Block Group 2, Census Tract 4222.02, Fairfax County, Virginia",510594222022,1964,1123,928,832,96,195,841,51,59,422202,2
"Block Group 3, Census Tract 4222.02, Fairfax County, Virginia",510594222023,1938,1535,1447,1345,102,88,403,51,59,422202,3
"Block Group 1, Census Tract 4223.01, Fairfax County, Virginia",510594223011,1285,878,852,820,32,26,407,51,59,422301,1
"Block Group 2, Census Tract 4223.01, Fairfax County, Virginia",510594223012,1142,814,777,761,16,37,328,51,59,422301,2
"Block Group 1, Census Tract 4223.02, Fairfax County, Virginia",510594223021,778,459,459,437,22,0,319,51,59,422302,1
"Block Group 2, Census Tract 4223.02, Fairfax County, Virginia",510594223022,2415,1430,1374,1268,106,56,985,51,59,422302,2
"Block Group 3, Census Tract 4223.02, Fairfax County, Virginia",510594223023,854,811,811,811,0,0,43,51,59,422302,3
"Block Group 4, Census Tract 4223.02, Fairfax County, Virginia",510594223024,1298,812,761,761,0,51,486,51,59,422302,4
"Block Group 1, Census Tract 4224.01, Fairfax County, Virginia",510594224011,728,673,651,644,7,22,55,51,59,422401,1
"Block Group 2, Census Tract 4224.01, Fairfax County, Virginia",510594224012,1482,1098,1063,1056,7,35,384,51,59,422401,2
"Block Group 1, Census Tract 4224.02, Fairfax County, Virginia",510594224021,2269,1821,1821,1761,60,0,448,51,59,422402,1
"Block Group 2, Census Tract 4224.02, Fairfax County, Virginia",510594224022,487,338,317,284,33,21,149,51,59,422402,2
"Block Group 3, Census Tract 4224.02, Fairfax County, Virginia",510594224023,1289,1025,902,873,29,123,264,51,59,422402,3
"Block Group 2, Census Tract 4224.03, Fairfax County, Virginia",510594224032,1248,940,914,842,72,26,308,51,59,422403,2
"Block Group 1, Census Tract 4301.01, Fairfax County, Virginia",510594301011,998,699,676,676,0,23,299,51,59,430101,1
"Block Group 3, Census Tract 4301.01, Fairfax County, Virginia",510594301013,1533,1038,973,876,97,65,495,51,59,430101,3
"Block Group 1, Census Tract 4301.02, Fairfax County, Virginia",510594301021,2364,1627,1627,1573,54,0,737,51,59,430102,1
"Block Group 2, Census Tract 4302.01, Fairfax County, Virginia",510594302012,1773,1294,1294,1210,84,0,479,51,59,430201,2
"Block Group 2, Census Tract 4302.02, Fairfax County, Virginia",510594302022,1878,1448,1439,1338,101,9,430,51,59,430202,2
"Block Group 3, Census Tract 4302.02, Fairfax County, Virginia",510594302023,1321,967,959,938,21,8,354,51,59,430202,3
"Block Group 1, Census Tract 4304, Fairfax County, Virginia",510594304001,1970,1534,1459,1424,35,75,436,51,59,430400,1
"Block Group 2, Census Tract 4304, Fairfax County, Virginia",510594304002,1622,1192,1171,1120,51,21,430,51,59,430400,2
"Block Group 1, Census Tract 4305, Fairfax County, Virginia",510594305001,1366,961,950,935,15,11,405,51,59,430500,1
"Block Group 1, Census Tract 4306, Fairfax County, Virginia",510594306001,1318,890,890,753,137,0,428,51,59,430600,1
"Block Group 3, Census Tract 4306, Fairfax County, Virginia",510594306003,1666,1224,1224,1118,106,0,442,51,59,430600,3
"Block Group 4, Census Tract 4306, Fairfax County, Virginia",510594306004,2548,1654,1654,1654,0,0,894,51,59,430600,4
"Block Group 2, Census Tract 4307, Fairfax County, Virginia",510594307002,617,511,495,473,22,16,106,51,59,430700,2
"Block Group 1, Census Tract 4308.01, Fairfax County, Virginia",510594308011,1310,865,847,824,23,18,445,51,59,430801,1
"Block Group 1, Census Tract 4308.02, Fairfax County, Virginia",510594308021,855,554,508,502,6,46,301,51,59,430802,1
"Block Group 2, Census Tract 4308.02, Fairfax County, Virginia",510594308022,1027,796,787,787,0,9,231,51,59,430802,2
"Block Group 1, Census Tract 4309.01, Fairfax County, Virginia",510594309011,1713,1171,1148,1129,19,23,542,51,59,430901,1
"Block Group 2, Census Tract 4309.01, Fairfax County, Virginia",510594309012,1752,1374,1361,1328,33,13,378,51,59,430901,2
"Block Group 2, Census Tract 4309.02, Fairfax County, Virginia",510594309022,1580,1182,1161,1133,28,21,398,51,59,430902,2
"Block Group 1, Census Tract 4310.01, Fairfax County, Virginia",510594310011,1641,1245,1218,1131,87,27,396,51,59,431001,1
"Block Group 3, Census Tract 4310.01, Fairfax County, Virginia",510594310013,2011,1628,1628,1460,168,0,383,51,59,431001,3
"Block Group 1, Census Tract 4310.02, Fairfax County, Virginia",510594310021,1601,1235,1217,1162,55,18,366,51,59,431002,1
"Block Group 2, Census Tract 4313, Fairfax County, Virginia",510594313002,1879,1285,1205,1149,56,80,594,51,59,431300,2
"Block Group 2, Census Tract 4314, Fairfax County, Virginia",510594314002,1241,642,637,633,4,5,599,51,59,431400,2
"Block Group 3, Census Tract 4314, Fairfax County, Virginia",510594314003,1626,1234,1222,1182,40,12,392,51,59,431400,3
"Block Group 2, Census Tract 4315, Fairfax County, Virginia",510594315002,795,468,460,460,0,8,327,51,59,431500,2
"Block Group 3, Census Tract 4315, Fairfax County, Virginia",510594315003,2100,1601,1520,1446,74,81,499,51,59,431500,3
"Block Group 3, Census Tract 3212.01, Hanover County, Virginia",510853212013,1190,559,559,544,15,0,631,51,85,321201,3
"Block Group 2, Census Tract 3212.02, Hanover County, Virginia",510853212022,434,235,235,226,9,0,199,51,85,321202,2
"Block Group 3, Census Tract 3212.02, Hanover County, Virginia",510853212023,1853,1352,1352,1333,19,0,501,51,85,321202,3
"Block Group 2, Census Tract 3213, Hanover County, Virginia",510853213002,636,504,504,484,20,0,132,51,85,321300,2
"Block Group 3, Census Tract 3213, Hanover County, Virginia",510853213003,1517,1166,1166,1134,32,0,351,51,85,321300,3
"Block Group 1, Census Tract 3214.01, Hanover County, Virginia",510853214011,2139,1390,1387,1345,42,3,749,51,85,321401,1
"Block Group 1, Census Tract 3214.02, Hanover County, Virginia",510853214021,1636,1057,1045,979,66,12,579,51,85,321402,1
"Block Group 1, Census Tract 3214.03, Hanover County, Virginia",510853214031,2486,1634,1634,1500,134,0,852,51,85,321403,1
"Block Group 1, Census Tract 2001.06, Henrico County, Virginia",510872001061,713,598,598,553,45,0,115,51,87,200106,1
"Block Group 3, Census Tract 2001.06, Henrico County, Virginia",510872001063,527,275,275,258,17,0,252,51,87,200106,3
"Block Group 4, Census Tract 2001.06, Henrico County, Virginia",510872001064,897,464,464,464,0,0,433,51,87,200106,4
"Block Group 2, Census Tract 2001.08, Henrico County, Virginia",510872001082,1596,998,998,971,27,0,598,51,87,200108,2
"Block Group 1, Census Tract 2001.09, Henrico County, Virginia",510872001091,615,348,348,339,9,0,267,51,87,200109,1
"Block Group 2, Census Tract 2001.22, Henrico County, Virginia",510872001222,1246,922,922,823,99,0,324,51,87,200122,2
"Block Group 3, Census Tract 2001.22, Henrico County, Virginia",510872001223,898,570,570,535,35,0,328,51,87,200122,3
"Block Group 2, Census Tract 2001.23, Henrico County, Virginia",510872001232,1199,941,941,875,66,0,258,51,87,200123,2
"Block Group 3, Census Tract 2001.23, Henrico County, Virginia",510872001233,745,477,477,474,3,0,268,51,87,200123,3
"Block Group 2, Census Tract 2001.24, Henrico County, Virginia",510872001242,1937,1434,1434,1352,82,0,503,51,87,200124,2
"Block Group 3, Census Tract 2001.24, Henrico County, Virginia",510872001243,1260,489,489,489,0,0,771,51,87,200124,3
"Block Group 2, Census Tract 2001.25, Henrico County, Virginia",510872001252,409,325,325,316,9,0,84,51,87,200125,2
"Block Group 3, Census Tract 2001.25, Henrico County, Virginia",510872001253,601,413,413,383,30,0,188,51,87,200125,3
"Block Group 1, Census Tract 2001.26, Henrico County, Virginia",510872001261,922,858,858,820,38,0,64,51,87,200126,1
"Block Group 2, Census Tract 2001.26, Henrico County, Virginia",510872001262,898,795,795,795,0,0,103,51,87,200126,2
"Block Group 3, Census Tract 2001.26, Henrico County, Virginia",510872001263,1030,925,925,900,25,0,105,51,87,200126,3
"Block Group 1, Census Tract 2001.27, Henrico County, Virginia",510872001271,801,652,652,625,27,0,149,51,87,200127,1
"Block Group 2, Census Tract 2001.27, Henrico County, Virginia",510872001272,1798,1219,1219,1219,0,0,579,51,87,200127,2
"Block Group 3, Census Tract 2001.27, Henrico County, Virginia",510872001273,1036,869,869,763,106,0,167,51,87,200127,3
"Block Group 4, Census Tract 2001.27, Henrico County, Virginia",510872001274,906,463,463,463,0,0,443,51,87,200127,4
"Block Group 1, Census Tract 2001.31, Henrico County, Virginia",510872001311,716,546,546,529,17,0,170,51,87,200131,1
"Block Group 2, Census Tract 2001.31, Henrico County, Virginia",510872001312,874,570,570,541,29,0,304,51,87,200131,2
"Block Group 1, Census Tract 2001.32, Henrico County, Virginia",510872001321,1320,1094,1094,1061,33,0,226,51,87,200132,1
"Block Group 2, Census Tract 2001.32, Henrico County, Virginia",510872001322,2022,1472,1472,1422,50,0,550,51,87,200132,2
"Block Group 1, Census Tract 2001.33, Henrico County, Virginia",510872001331,823,428,428,428,0,0,395,51,87,200133,1
"Block Group 2, Census Tract 2001.33, Henrico County, Virginia",510872001332,1047,830,830,772,58,0,217,51,87,200133,2
"Block Group 3, Census Tract 2001.33, Henrico County, Virginia",510872001333,459,364,364,340,24,0,95,51,87,200133,3
"Block Group 1, Census Tract 2001.34, Henrico County, Virginia",510872001341,2527,1580,1580,1524,56,0,947,51,87,200134,1
"Block Group 2, Census Tract 2001.34, Henrico County, Virginia",510872001342,591,337,337,337,0,0,254,51,87,200134,2
"Block Group 1, Census Tract 2001.35, Henrico County, Virginia",510872001351,1251,987,987,883,104,0,264,51,87,200135,1
"Block Group 2, Census Tract 2001.35, Henrico County, Virginia",510872001352,541,324,324,324,0,0,217,51,87,200135,2
"Block Group 2, Census Tract 2001.36, Henrico County, Virginia",510872001362,971,450,450,450,0,0,521,51,87,200136,2
"Block Group 1, Census Tract 2001.37, Henrico County, Virginia",510872001371,733,535,535,527,8,0,198,51,87,200137,1
"Block Group 4, Census Tract 305, Page County, Virginia",511390305004,1242,855,855,813,42,0,387,51,139,30500,4
"Block Group 1, Census Tract 301.01, Patrick County, Virginia",511410301011,893,408,408,404,4,0,485,51,141,30101,1
"Block Group 1, Census Tract 301.02, Patrick County, Virginia",511410301021,716,280,280,235,45,0,436,51,141,30102,1
"Block Group 2, Census Tract 301.02, Patrick County, Virginia",511410301022,327,185,185,185,0,0,142,51,141,30102,2
"Block Group 3, Census Tract 301.02, Patrick County, Virginia",511410301023,684,407,407,339,68,0,277,51,141,30102,3
"Block Group 1, Census Tract 302.01, Patrick County, Virginia",511410302011,746,395,395,381,14,0,351,51,141,30201,1
"Block Group 2, Census Tract 302.01, Patrick County, Virginia",511410302012,1123,649,649,631,18,0,474,51,141,30201,2
"Block Group 3, Census Tract 302.01, Patrick County, Virginia",511410302013,590,249,249,226,23,0,341,51,141,30201,3
"Block Group 1, Census Tract 302.02, Patrick County, Virginia",511410302021,391,157,157,157,0,0,234,51,141,30202,1
"Block Group 2, Census Tract 302.02, Patrick County, Virginia",511410302022,868,468,468,468,0,0,400,51,141,30202,2
"Block Group 3, Census Tract 302.02, Patrick County, Virginia",511410302023,1044,598,598,574,24,0,446,51,141,30202,3
"Block Group 1, Census Tract 303.01, Patrick County, Virginia",511410303011,1146,392,392,389,3,0,754,51,141,30301,1
"Block Group 2, Census Tract 303.01, Patrick County, Virginia",511410303012,1190,806,806,797,9,0,384,51,141,30301,2
"Block Group 3, Census Tract 303.01, Patrick County, Virginia",511410303013,650,328,328,315,13,0,322,51,141,30301,3
"Block Group 1, Census Tract 303.02, Patrick County, Virginia",511410303021,1031,637,637,637,0,0,394,51,141,30302,1
"Block Group 2, Census Tract 303.02, Patrick County, Virginia",511410303022,1279,651,651,641,10,0,628,51,141,30302,2
"Block Group 3, Census Tract 303.02, Patrick County, Virginia",511410303023,942,610,610,582,28,0,332,51,141,30302,3
"Block Group 2, Census Tract 101, Pittsylvania County, Virginia",511430101002,1282,761,761,734,27,0,521,51,143,10100,2
"Block Group 3, Census Tract 101, Pittsylvania County, Virginia",511430101003,1195,604,604,576,28,0,591,51,143,10100,3
"Block Group 2, Census Tract 102, Pittsylvania County, Virginia",511430102002,1480,878,878,796,82,0,602,51,143,10200,2
"Block Group 1, Census Tract 103.01, Pittsylvania County, Virginia",511430103011,1115,516,510,493,17,6,599,51,143,10301,1
"Block Group 1, Census Tract 103.02, Pittsylvania County, Virginia",511430103021,1130,544,544,536,8,0,586,51,143,10302,1
"Block Group 3, Census Tract 103.02, Pittsylvania County, Virginia",511430103023,588,287,287,279,8,0,301,51,143,10302,3
"Block Group 1, Census Tract 104, Pittsylvania County, Virginia",511430104001,836,328,328,321,7,0,508,51,143,10400,1
"Block Group 3, Census Tract 104, Pittsylvania County, Virginia",511430104003,1007,636,636,628,8,0,371,51,143,10400,3
"Block Group 4, Census Tract 104, Pittsylvania County, Virginia",511430104004,626,253,253,222,31,0,373,51,143,10400,4
"Block Group 2, Census Tract 105, Pittsylvania County, Virginia",511430105002,1666,985,985,977,8,0,681,51,143,10500,2
"Block Group 3, Census Tract 105, Pittsylvania County, Virginia",511430105003,2210,555,451,448,3,104,1655,51,143,10500,3
"Block Group 2, Census Tract 106, Pittsylvania County, Virginia",511430106002,922,528,528,506,22,0,394,51,143,10600,2
"Block Group 3, Census Tract 106, Pittsylvania County, Virginia",511430106003,624,299,290,267,23,9,325,51,143,10600,3
"Block Group 2, Census Tract 107, Pittsylvania County, Virginia",511430107002,646,377,377,369,8,0,269,51,143,10700,2
"Block Group 1, Census Tract 108.01, Pittsylvania County, Virginia",511430108011,950,606,606,606,0,0,344,51,143,10801,1
"Block Group 1, Census Tract 108.03, Pittsylvania County, Virginia",511430108031,464,296,296,267,29,0,168,51,143,10803,1
"Block Group 2, Census Tract 108.03, Pittsylvania County, Virginia",511430108032,626,398,398,382,16,0,228,51,143,10803,2
"Block Group 1, Census Tract 108.04, Pittsylvania County, Virginia",511430108041,916,444,444,434,10,0,472,51,143,10804,1
"Block Group 2, Census Tract 108.04, Pittsylvania County, Virginia",511430108042,1174,639,639,623,16,0,535,51,143,10804,2
"Block Group 2, Census Tract 109, Pittsylvania County, Virginia",511430109002,1528,936,936,905,31,0,592,51,143,10900,2
"Block Group 1, Census Tract 110.01, Pittsylvania County, Virginia",511430110011,613,392,392,392,0,0,221,51,143,11001,1
"Block Group 3, Census Tract 110.01, Pittsylvania County, Virginia",511430110013,1206,771,771,717,54,0,435,51,143,11001,3
"Block Group 4, Census Tract 110.01, Pittsylvania County, Virginia",511430110014,876,541,541,511,30,0,335,51,143,11001,4
"Block Group 2, Census Tract 105.02, Stafford County, Virginia",511790105022,1248,585,585,574,11,0,663,51,179,10502,2
"Block Group 3, Census Tract 105.02, Stafford County, Virginia",511790105023,1626,1155,1145,1114,31,10,471,51,179,10502,3
"Block Group 1, Census Tract 105.03, Stafford County, Virginia",511790105031,1849,1108,1108,1072,36,0,741,51,179,10503,1
"Block Group 1, Census Tract 105.04, Stafford County, Virginia",511790105041,1433,818,818,796,22,0,615,51,179,10504,1
"Block Group 1, Census Tract 8601, Surry County, Virginia",511818601001,935,492,492,477,15,0,443,51,181,860100,1
"Block Group 2, Census Tract 8601, Surry County, Virginia",511818601002,857,510,489,451,38,21,347,51,181,860100,2
"Block Group 1, Census Tract 8602, Surry County, Virginia",511818602001,778,522,522,522,0,0,256,51,181,860200,1
"Block Group 2, Census Tract 8602, Surry County, Virginia",511818602002,689,418,418,395,23,0,271,51,181,860200,2
"Block Group 4, Census Tract 8602, Surry County, Virginia",511818602004,770,571,571,523,48,0,199,51,181,860200,4
"Block Group 1, Census Tract 8701, Sussex County, Virginia",511838701001,531,375,375,366,9,0,156,51,183,870100,1
"Block Group 3, Census Tract 8701, Sussex County, Virginia",511838701003,905,451,428,403,25,23,454,51,183,870100,3
"Block Group 1, Census Tract 8702.01, Sussex County, Virginia",511838702011,1816,549,549,526,23,0,1267,51,183,870201,1
"Block Group 1, Census Tract 8702.02, Sussex County, Virginia",511838702021,855,0,0,0,0,0,855,51,183,870202,1
"Block Group 1, Census Tract 8703, Sussex County, Virginia",511838703001,562,372,372,372,0,0,190,51,183,870300,1
"Block Group 3, Census Tract 8703, Sussex County, Virginia",511838703003,915,575,570,520,50,5,340,51,183,870300,3
"Block Group 2, Census Tract 8704, Sussex County, Virginia",511838704002,749,508,508,457,51,0,241,51,183,870400,2
"Block Group 1, Census Tract 201, Tazewell County, Virginia",511850201001,1979,282,282,266,16,0,1697,51,185,20100,1
"Block Group 1, Census Tract 202, Tazewell County, Virginia",511850202001,1407,918,918,875,43,0,489,51,185,20200,1
"Block Group 2, Census Tract 202, Tazewell County, Virginia",511850202002,882,456,456,456,0,0,426,51,185,20200,2
"Block Group 4, Census Tract 202, Tazewell County, Virginia",511850202004,486,176,176,176,0,0,310,51,185,20200,4
"Block Group 1, Census Tract 203.01, Tazewell County, Virginia",511850203011,1456,947,947,754,193,0,509,51,185,20301,1
"Block Group 3, Census Tract 203.01, Tazewell County, Virginia",511850203013,513,277,277,277,0,0,236,51,185,20301,3
"Block Group 1, Census Tract 203.02, Tazewell County, Virginia",511850203021,915,319,319,286,33,0,596,51,185,20302,1
"Block Group 3, Census Tract 203.02, Tazewell County, Virginia",511850203023,906,324,324,324,0,0,582,51,185,20302,3
"Block Group 4, Census Tract 203.02, Tazewell County, Virginia",511850203024,584,128,128,100,28,0,456,51,185,20302,4
"Block Group 2, Census Tract 204, Tazewell County, Virginia",511850204002,799,422,422,379,43,0,377,51,185,20400,2
"Block Group 3, Census Tract 204, Tazewell County, Virginia",511850204003,681,347,340,313,27,7,334,51,185,20400,3
"Block Group 1, Census Tract 205, Tazewell County, Virginia",511850205001,931,261,261,235,26,0,670,51,185,20500,1
"Block Group 2, Census Tract 205, Tazewell County, Virginia",511850205002,926,409,409,402,7,0,517,51,185,20500,2
"Block Group 1, Census Tract 206, Tazewell County, Virginia",511850206001,408,173,173,173,0,0,235,51,185,20600,1
"Block Group 2, Census Tract 206, Tazewell County, Virginia",511850206002,1130,607,607,590,17,0,523,51,185,20600,2
"Block Group 4, Census Tract 206, Tazewell County, Virginia",511850206004,738,401,401,330,71,0,337,51,185,20600,4
"Block Group 1, Census Tract 207, Tazewell County, Virginia",511850207001,859,377,377,365,12,0,482,51,185,20700,1
"Block Group 1, Census Tract 208, Tazewell County, Virginia",511850208001,1171,705,705,649,56,0,466,51,185,20800,1
"Block Group 1, Census Tract 209, Tazewell County, Virginia",511850209001,1161,465,465,426,39,0,696,51,185,20900,1
"Block Group 2, Census Tract 209, Tazewell County, Virginia",511850209002,552,175,175,117,58,0,377,51,185,20900,2
"Block Group 1, Census Tract 210, Tazewell County, Virginia",511850210001,809,357,357,328,29,0,452,51,185,21000,1
"Block Group 2, Census Tract 210, Tazewell County, Virginia",511850210002,790,383,383,373,10,0,407,51,185,21000,2
"Block Group 3, Census Tract 210, Tazewell County, Virginia",511850210003,432,193,193,117,76,0,239,51,185,21000,3
"Block Group 4, Census Tract 210, Tazewell County, Virginia",511850210004,1002,363,363,339,24,0,639,51,185,21000,4
"Block Group 1, Census Tract 211.01, Tazewell County, Virginia",511850211011,862,464,464,464,0,0,398,51,185,21101,1
"Block Group 4, Census Tract 17, Lynchburg city, Virginia",516800017004,1495,1170,1170,1153,17,0,325,51,680,1700,4
"Block Group 5, Census Tract 17, Lynchburg city, Virginia",516800017005,1459,895,895,868,27,0,564,51,680,1700,5
"Block Group 2, Census Tract 18, Lynchburg city, Virginia",516800018002,855,523,518,512,6,5,332,51,680,1800,2
"Block Group 1, Census Tract 19, Lynchburg city, Virginia",516800019001,606,365,365,276,89,0,241,51,680,1900,1
"Block Group 3, Census Tract 19, Lynchburg city, Virginia",516800019003,2031,1183,1183,1160,23,0,848,51,680,1900,3
"Block Group 4, Census Tract 19, Lynchburg city, Virginia",516800019004,352,189,189,189,0,0,163,51,680,1900,4
"Block Group 2, Census Tract 9101, Manassas city, Virginia",516839101002,1500,1127,1117,1091,26,10,373,51,683,910100,2
"Block Group 3, Census Tract 9101, Manassas city, Virginia",516839101003,601,250,250,241,9,0,351,51,683,910100,3
"Block Group 2, Census Tract 9102.01, Manassas city, Virginia",516839102012,822,578,578,479,99,0,244,51,683,910201,2
"Block Group 3, Census Tract 9102.01, Manassas city, Virginia",516839102013,1290,878,878,815,63,0,412,51,683,910201,3
"Block Group 1, Census Tract 9102.02, Manassas city, Virginia",516839102021,1658,1360,1338,1251,87,22,298,51,683,910202,1
"Block Group 2, Census Tract 9102.02, Manassas city, Virginia",516839102022,972,689,689,637,52,0,283,51,683,910202,2
"Block Group 4, Census Tract 9102.02, Manassas city, Virginia",516839102024,1505,1271,1271,1225,46,0,234,51,683,910202,4
"Block Group 1, Census Tract 9103.01, Manassas city, Virginia",516839103011,547,417,417,417,0,0,130,51,683,910301,1
"Block Group 3, Census Tract 9103.01, Manassas city, Virginia",516839103013,1326,1032,1016,981,35,16,294,51,683,910301,3
"Block Group 1, Census Tract 9103.02, Manassas city, Virginia",516839103021,1251,932,932,702,230,0,319,51,683,910302,1
"Block Group 3, Census Tract 9103.02, Manassas city, Virginia",516839103023,1083,887,887,823,64,0,196,51,683,910302,3
"Block Group 1, Census Tract 9104.01, Manassas city, Virginia",516839104011,1345,999,999,939,60,0,346,51,683,910401,1
"Block Group 2, Census Tract 9104.01, Manassas city, Virginia",516839104012,574,401,401,401,0,0,173,51,683,910401,2
"Block Group 3, Census Tract 9104.01, Manassas city, Virginia",516839104013,930,749,749,714,35,0,181,51,683,910401,3
"Block Group 4, Census Tract 9104.01, Manassas city, Virginia",516839104014,2251,1671,1671,1663,8,0,580,51,683,910401,4
"Block Group 1, Census Tract 9104.02, Manassas city, Virginia",516839104021,1186,814,814,798,16,0,372,51,683,910402,1
"Block Group 2, Census Tract 9104.02, Manassas city, Virginia",516839104022,779,397,397,386,11,0,382,51,683,910402,2
"Block Group 3, Census Tract 9104.02, Manassas city, Virginia",516839104023,1108,904,904,891,13,0,204,51,683,910402,3
"Block Group 4, Census Tract 9104.02, Manassas city, Virginia",516839104024,2552,1799,1764,1752,12,35,753,51,683,910402,4
"Block Group 5, Census Tract 9104.02, Manassas city, Virginia",516839104025,137,125,125,125,0,0,12,51,683,910402,5
"Block Group 1, Census Tract 9201, Manassas Park city, Virginia",516859201001,1652,1274,1274,1204,70,0,378,51,685,920100,1
"Block Group 2, Census Tract 9201, Manassas Park city, Virginia",516859201002,984,675,675,616,59,0,309,51,685,920100,2
"Block Group 3, Census Tract 9201, Manassas Park city, Virginia",516859201003,375,280,280,215,65,0,95,51,685,920100,3
"Block Group 4, Census Tract 9201, Manassas Park city, Virginia",516859201004,2083,1609,1609,1609,0,0,474,51,685,920100,4
"Block Group 5, Census Tract 9201, Manassas Park city, Virginia",516859201005,811,569,569,569,0,0,242,51,685,920100,5
"Block Group 1, Census Tract 9202.02, Manassas Park city, Virginia",516859202021,2830,2163,2163,2055,108,0,667,51,685,920202,1
"Block Group 2, Census Tract 9202.02, Manassas Park city, Virginia",516859202022,1977,1485,1466,1442,24,19,492,51,685,920202,2
"Block Group 1, Census Tract 1, Martinsville city, Virginia",516900001001,1254,698,698,656,42,0,556,51,690,100,1
"Block Group 2, Census Tract 1, Martinsville city, Virginia",516900001002,1132,554,554,521,33,0,578,51,690,100,2
"Block Group 2, Census Tract 2, Martinsville city, Virginia",516900002002,475,305,305,305,0,0,170,51,690,200,2
"Block Group 3, Census Tract 2, Martinsville city, Virginia",516900002003,310,143,143,143,0,0,167,51,690,200,3
"Block Group 2, Census Tract 3, Martinsville city, Virginia",516900003002,634,340,340,340,0,0,294,51,690,300,2
"Block Group 1, Census Tract 4, Martinsville city, Virginia",516900004001,782,274,274,274,0,0,508,51,690,400,1
"Block Group 2, Census Tract 4, Martinsville city, Virginia",516900004002,463,280,280,250,30,0,183,51,690,400,2
"Block Group 1, Census Tract 5, Martinsville city, Virginia",516900005001,572,368,368,335,33,0,204,51,690,500,1
"Block Group 1, Census Tract 418.01, Virginia Beach city, Virginia",518100418011,2501,2099,2003,2003,0,96,402,51,810,41801,1
"Block Group 2, Census Tract 418.01, Virginia Beach city, Virginia",518100418012,639,406,277,261,16,129,233,51,810,41801,2
"Block Group 1, Census Tract 418.03, Virginia Beach city, Virginia",518100418031,1530,1154,1041,1022,19,113,376,51,810,41803,1
"Block Group 2, Census Tract 418.03, Virginia Beach city, Virginia",518100418032,1416,1311,1211,1194,17,100,105,51,810,41803,2
"Block Group 1, Census Tract 418.04, Virginia Beach city, Virginia",518100418041,674,405,405,405,0,0,269,51,810,41804,1
"Block Group 2, Census Tract 418.04, Virginia Beach city, Virginia",518100418042,771,624,547,488,59,77,147,51,810,41804,2
"Block Group 3, Census Tract 418.04, Virginia Beach city, Virginia",518100418043,893,643,643,603,40,0,250,51,810,41804,3
"Block Group 1, Census Tract 420, Virginia Beach city, Virginia",518100420001,1119,669,669,669,0,0,450,51,810,42000,1
"Block Group 2, Census Tract 420, Virginia Beach city, Virginia",518100420002,810,448,429,429,0,19,362,51,810,42000,2
"Block Group 3, Census Tract 420, Virginia Beach city, Virginia",518100420003,819,473,446,446,0,27,346,51,810,42000,3
"Block Group 1, Census Tract 422.01, Virginia Beach city, Virginia",518100422011,943,755,728,723,5,27,188,51,810,42201,1
"Block Group 2, Census Tract 422.01, Virginia Beach city, Virginia",518100422012,1329,768,758,730,28,10,561,51,810,42201,2
"Block Group 3, Census Tract 422.01, Virginia Beach city, Virginia",518100422013,310,174,174,174,0,0,136,51,810,42201,3
"Block Group 1, Census Tract 422.02, Virginia Beach city, Virginia",518100422021,704,378,356,356,0,22,326,51,810,42202,1
"Block Group 2, Census Tract 422.02, Virginia Beach city, Virginia",518100422022,1994,991,970,954,16,21,1003,51,810,42202,2
"Block Group 3, Census Tract 422.02, Virginia Beach city, Virginia",518100422023,545,330,330,316,14,0,215,51,810,42202,3
"Block Group 1, Census Tract 424, Virginia Beach city, Virginia",518100424001,521,327,323,310,13,4,194,51,810,42400,1
"Block Group 2, Census Tract 424, Virginia Beach city, Virginia",518100424002,807,518,467,433,34,51,289,51,810,42400,2
"Block Group 4, Census Tract 424, Virginia Beach city, Virginia",518100424004,801,608,600,600,0,8,193,51,810,42400,4
"Block Group 1, Census Tract 426, Virginia Beach city, Virginia",518100426001,1002,537,505,496,9,32,465,51,810,42600,1
"Block Group 1, Census Tract 428.01, Virginia Beach city, Virginia",518100428011,1794,1356,1356,1323,33,0,438,51,810,42801,1
"Block Group 2, Census Tract 428.01, Virginia Beach city, Virginia",518100428012,516,319,313,313,0,6,197,51,810,42801,2
"Block Group 4, Census Tract 428.01, Virginia Beach city, Virginia",518100428014,680,505,477,403,74,28,175,51,810,42801,4
"Block Group 5, Census Tract 428.01, Virginia Beach city, Virginia",518100428015,1184,997,937,528,409,60,187,51,810,42801,5
"Block Group 2, Census Tract 428.02, Virginia Beach city, Virginia",518100428022,1559,1382,1256,1215,41,126,177,51,810,42802,2
"Block Group 3, Census Tract 428.02, Virginia Beach city, Virginia",518100428023,570,438,398,389,9,40,132,51,810,42802,3
"Block Group 2, Census Tract 430.02, Virginia Beach city, Virginia",518100430022,1196,725,700,663,37,25,471,51,810,43002,2
"Block Group 1, Census Tract 430.04, Virginia Beach city, Virginia",518100430041,968,627,595,580,15,32,341,51,810,43004,1
"Block Group 3, Census Tract 430.04, Virginia Beach city, Virginia",518100430043,665,340,328,316,12,12,325,51,810,43004,3
"Block Group 1, Census Tract 430.05, Virginia Beach city, Virginia",518100430051,912,394,325,325,0,69,518,51,810,43005,1
"Block Group 1, Census Tract 430.06, Virginia Beach city, Virginia",518100430061,1196,790,708,708,0,82,406,51,810,43006,1
"Block Group 2, Census Tract 430.06, Virginia Beach city, Virginia",518100430062,1004,785,785,749,36,0,219,51,810,43006,2
"Block Group 1, Census Tract 434, Virginia Beach city, Virginia",518100434001,747,430,420,413,7,10,317,51,810,43400,1
"Block Group 2, Census Tract 434, Virginia Beach city, Virginia",518100434002,1307,889,872,851,21,17,418,51,810,43400,2
"Block Group 2, Census Tract 436, Virginia Beach city, Virginia",518100436002,1046,718,713,713,0,5,328,51,810,43600,2
"Block Group 1, Census Tract 438, Virginia Beach city, Virginia",518100438001,745,426,420,408,12,6,319,51,810,43800,1
"Block Group 3, Census Tract 438, Virginia Beach city, Virginia",518100438003,1026,581,547,547,0,34,445,51,810,43800,3
"Block Group 4, Census Tract 438, Virginia Beach city, Virginia",518100438004,987,480,480,457,23,0,507,51,810,43800,4
"Block Group 2, Census Tract 440.04, Virginia Beach city, Virginia",518100440042,519,340,304,293,11,36,179,51,810,44004,2
"Block Group 3, Census Tract 440.04, Virginia Beach city, Virginia",518100440043,426,318,318,312,6,0,108,51,810,44004,3
"Block Group 2, Census Tract 1015.01, Arlington County, Virginia",510131015012,1039,871,871,859,12,0,168,51,13,101501,2
"Block Group 3, Census Tract 1015.01, Arlington County, Virginia",510131015013,338,300,300,300,0,0,38,51,13,101501,3
"Block Group 2, Census Tract 1015.02, Arlington County, Virginia",510131015022,1227,961,917,917,0,44,266,51,13,101502,2
"Block Group 3, Census Tract 1015.02, Arlington County, Virginia",510131015023,833,724,724,714,10,0,109,51,13,101502,3
"Block Group 2, Census Tract 1015.03, Arlington County, Virginia",510131015032,565,324,324,324,0,0,241,51,13,101503,2
"Block Group 3, Census Tract 1015.03, Arlington County, Virginia",510131015033,0,0,0,0,0,0,0,51,13,101503,3
"Block Group 2, Census Tract 1016.01, Arlington County, Virginia",510131016012,1322,1088,1087,1054,33,1,234,51,13,101601,2
"Block Group 1, Census Tract 1016.02, Arlington County, Virginia",510131016021,1003,838,838,838,0,0,165,51,13,101602,1
"Block Group 1, Census Tract 1016.03, Arlington County, Virginia",510131016031,1332,1171,1171,891,280,0,161,51,13,101603,1
"Block Group 2, Census Tract 1016.03, Arlington County, Virginia",510131016032,0,0,0,0,0,0,0,51,13,101603,2
"Block Group 4, Census Tract 1016.03, Arlington County, Virginia",510131016034,588,402,392,374,18,10,186,51,13,101603,4
"Block Group 5, Census Tract 1016.03, Arlington County, Virginia",510131016035,825,543,543,510,33,0,282,51,13,101603,5
"Block Group 2, Census Tract 1017.01, Arlington County, Virginia",510131017012,1451,1311,1311,1297,14,0,140,51,13,101701,2
"Block Group 3, Census Tract 1017.01, Arlington County, Virginia",510131017013,2614,2081,2065,2050,15,16,533,51,13,101701,3
"Block Group 2, Census Tract 1017.03, Arlington County, Virginia",510131017032,1217,792,781,771,10,11,425,51,13,101703,2
"Block Group 1, Census Tract 1017.04, Arlington County, Virginia",510131017041,613,532,532,473,59,0,81,51,13,101704,1
"Block Group 2, Census Tract 1017.04, Arlington County, Virginia",510131017042,1281,1071,1057,986,71,14,210,51,13,101704,2
"Block Group 1, Census Tract 1017.05, Arlington County, Virginia",510131017051,1154,941,941,847,94,0,213,51,13,101705,1
"Block Group 2, Census Tract 1017.05, Arlington County, Virginia",510131017052,587,539,539,441,98,0,48,51,13,101705,2
"Block Group 3, Census Tract 1017.05, Arlington County, Virginia",510131017053,1306,1031,1031,1018,13,0,275,51,13,101705,3
"Block Group 1, Census Tract 1018.01, Arlington County, Virginia",510131018011,874,753,749,749,0,4,121,51,13,101801,1
"Block Group 2, Census Tract 1018.01, Arlington County, Virginia",510131018012,1445,1380,1348,1348,0,32,65,51,13,101801,2
"Block Group 3, Census Tract 1018.01, Arlington County, Virginia",510131018013,749,696,685,685,0,11,53,51,13,101801,3
"Block Group 1, Census Tract 1018.03, Arlington County, Virginia",510131018031,802,599,599,599,0,0,203,51,13,101803,1
"Block Group 2, Census Tract 1018.03, Arlington County, Virginia",510131018032,979,935,935,902,33,0,44,51,13,101803,2
"Block Group 3, Census Tract 1018.03, Arlington County, Virginia",510131018033,945,734,734,679,55,0,211,51,13,101803,3
"Block Group 4, Census Tract 1018.03, Arlington County, Virginia",510131018034,986,876,876,876,0,0,110,51,13,101803,4
"Block Group 2, Census Tract 1018.04, Arlington County, Virginia",510131018042,1063,1042,1012,991,21,30,21,51,13,101804,2
"Block Group 2, Census Tract 1018.05, Arlington County, Virginia",510131018052,1716,1570,1570,1491,79,0,146,51,13,101805,2
"Block Group 3, Census Tract 1018.05, Arlington County, Virginia",510131018053,1333,1217,1169,1103,66,48,116,51,13,101805,3
"Block Group 2, Census Tract 1019, Arlington County, Virginia",510131019002,1134,663,663,649,14,0,471,51,13,101900,2
"Block Group 3, Census Tract 1019, Arlington County, Virginia",510131019003,577,413,413,390,23,0,164,51,13,101900,3
"Block Group 2, Census Tract 1020.01, Arlington County, Virginia",510131020012,1702,1185,1185,1176,9,0,517,51,13,102001,2
"Block Group 1, Census Tract 1020.02, Arlington County, Virginia",510131020021,1121,1047,1047,1038,9,0,74,51,13,102002,1
"Block Group 2, Census Tract 1020.03, Arlington County, Virginia",510131020032,512,313,313,313,0,0,199,51,13,102003,2
"Block Group 3, Census Tract 1020.03, Arlington County, Virginia",510131020033,1709,1154,1144,1120,24,10,555,51,13,102003,3
"Block Group 2, Census Tract 1021, Arlington County, Virginia",510131021002,1247,914,889,825,64,25,333,51,13,102100,2
"Block Group 1, Census Tract 1022, Arlington County, Virginia",510131022001,858,729,697,672,25,32,129,51,13,102200,1
"Block Group 3, Census Tract 1022, Arlington County, Virginia",510131022003,646,296,296,277,19,0,350,51,13,102200,3
"Block Group 4, Census Tract 1022, Arlington County, Virginia",510131022004,1099,925,925,880,45,0,174,51,13,102200,4
"Block Group 1, Census Tract 4316.02, Fairfax County, Virginia",510594316021,2860,1898,1864,1803,61,34,962,51,59,431602,1
"Block Group 2, Census Tract 4316.02, Fairfax County, Virginia",510594316022,1121,690,664,615,49,26,431,51,59,431602,2
"Block Group 3, Census Tract 4316.02, Fairfax County, Virginia",510594316023,1623,1120,1081,1081,0,39,503,51,59,431602,3
"Block Group 1, Census Tract 4318.01, Fairfax County, Virginia",510594318011,1693,1377,1377,1311,66,0,316,51,59,431801,1
"Block Group 2, Census Tract 4318.01, Fairfax County, Virginia",510594318012,1317,946,939,885,54,7,371,51,59,431801,2
"Block Group 1, Census Tract 4318.02, Fairfax County, Virginia",510594318021,1491,975,948,903,45,27,516,51,59,431802,1
"Block Group 2, Census Tract 4318.02, Fairfax County, Virginia",510594318022,1073,832,827,747,80,5,241,51,59,431802,2
"Block Group 1, Census Tract 4319, Fairfax County, Virginia",510594319001,1378,805,786,773,13,19,573,51,59,431900,1
"Block Group 2, Census Tract 4319, Fairfax County, Virginia",510594319002,1262,819,786,735,51,33,443,51,59,431900,2
"Block Group 1, Census Tract 4320, Fairfax County, Virginia",510594320001,1777,1294,1269,1109,160,25,483,51,59,432000,1
"Block Group 2, Census Tract 4320, Fairfax County, Virginia",510594320002,954,665,665,665,0,0,289,51,59,432000,2
"Block Group 1, Census Tract 4321, Fairfax County, Virginia",510594321001,1135,901,886,829,57,15,234,51,59,432100,1
"Block Group 2, Census Tract 4321, Fairfax County, Virginia",510594321002,1968,1244,1188,1127,61,56,724,51,59,432100,2
"Block Group 1, Census Tract 4322.01, Fairfax County, Virginia",510594322011,2272,1764,1759,1701,58,5,508,51,59,432201,1
"Block Group 2, Census Tract 4322.02, Fairfax County, Virginia",510594322022,1451,917,889,803,86,28,534,51,59,432202,2
"Block Group 1, Census Tract 4323, Fairfax County, Virginia",510594323001,1865,1247,1208,1146,62,39,618,51,59,432300,1
"Block Group 3, Census Tract 4323, Fairfax County, Virginia",510594323003,1783,1009,966,915,51,43,774,51,59,432300,3
"Block Group 1, Census Tract 4324.01, Fairfax County, Virginia",510594324011,1716,1070,1056,1016,40,14,646,51,59,432401,1
"Block Group 1, Census Tract 4324.02, Fairfax County, Virginia",510594324021,1398,1052,1002,941,61,50,346,51,59,432402,1
"Block Group 2, Census Tract 4324.02, Fairfax County, Virginia",510594324022,1650,1103,1070,974,96,33,547,51,59,432402,2
"Block Group 1, Census Tract 4325, Fairfax County, Virginia",510594325001,1100,710,689,640,49,21,390,51,59,432500,1
"Block Group 2, Census Tract 4325, Fairfax County, Virginia",510594325002,2025,1437,1424,1212,212,13,588,51,59,432500,2
"Block Group 1, Census Tract 4326, Fairfax County, Virginia",510594326001,1828,1307,1257,1200,57,50,521,51,59,432600,1
"Block Group 2, Census Tract 4326, Fairfax County, Virginia",510594326002,1866,1155,1118,1091,27,37,711,51,59,432600,2
"Block Group 1, Census Tract 4327.02, Fairfax County, Virginia",510594327021,1952,1604,1586,1498,88,18,348,51,59,432702,1
"Block Group 2, Census Tract 4327.02, Fairfax County, Virginia",510594327022,1377,1116,1116,1095,21,0,261,51,59,432702,2
"Block Group 1, Census Tract 4401, Fairfax County, Virginia",510594401001,1139,680,680,666,14,0,459,51,59,440100,1
"Block Group 3, Census Tract 4401, Fairfax County, Virginia",510594401003,1706,1311,1309,1250,59,2,395,51,59,440100,3
"Block Group 4, Census Tract 4401, Fairfax County, Virginia",510594401004,867,630,612,612,0,18,237,51,59,440100,4
"Block Group 2, Census Tract 4402.01, Fairfax County, Virginia",510594402012,1417,1109,1109,1078,31,0,308,51,59,440201,2
"Block Group 3, Census Tract 4402.01, Fairfax County, Virginia",510594402013,1332,1226,1159,1154,5,67,106,51,59,440201,3
"Block Group 2, Census Tract 4402.02, Fairfax County, Virginia",510594402022,1192,897,897,897,0,0,295,51,59,440202,2
"Block Group 3, Census Tract 4402.02, Fairfax County, Virginia",510594402023,2344,1902,1769,1769,0,133,442,51,59,440202,3
"Block Group 2, Census Tract 4403, Fairfax County, Virginia",510594403002,1106,694,686,636,50,8,412,51,59,440300,2
"Block Group 1, Census Tract 4405.01, Fairfax County, Virginia",510594405011,1500,1138,1108,1108,0,30,362,51,59,440501,1
"Block Group 3, Census Tract 4405.01, Fairfax County, Virginia",510594405013,861,521,510,472,38,11,340,51,59,440501,3
"Block Group 1, Census Tract 4405.03, Fairfax County, Virginia",510594405031,5333,3103,3092,2430,662,11,2230,51,59,440503,1
"Block Group 1, Census Tract 4405.05, Fairfax County, Virginia",510594405051,975,585,560,525,35,25,390,51,59,440505,1
"Block Group 1, Census Tract 4406, Fairfax County, Virginia",510594406001,2498,1884,1884,1798,86,0,614,51,59,440600,1
"Block Group 1, Census Tract 4407.02, Fairfax County, Virginia",510594407021,1878,1173,1173,1119,54,0,705,51,59,440702,1
"Block Group 2, Census Tract 4407.02, Fairfax County, Virginia",510594407022,902,607,601,591,10,6,295,51,59,440702,2
"Block Group 1, Census Tract 2001.38, Henrico County, Virginia",510872001381,673,457,457,457,0,0,216,51,87,200138,1
"Block Group 2, Census Tract 2001.38, Henrico County, Virginia",510872001382,1531,1147,1147,1130,17,0,384,51,87,200138,2
"Block Group 1, Census Tract 2001.39, Henrico County, Virginia",510872001391,2015,1218,1218,1165,53,0,797,51,87,200139,1
"Block Group 2, Census Tract 2001.39, Henrico County, Virginia",510872001392,610,360,360,230,130,0,250,51,87,200139,2
"Block Group 1, Census Tract 2001.40, Henrico County, Virginia",510872001401,832,752,692,648,44,60,80,51,87,200140,1
"Block Group 2, Census Tract 2001.40, Henrico County, Virginia",510872001402,2522,1507,1507,1478,29,0,1015,51,87,200140,2
"Block Group 2, Census Tract 2001.41, Henrico County, Virginia",510872001412,830,589,589,589,0,0,241,51,87,200141,2
"Block Group 2, Census Tract 2001.42, Henrico County, Virginia",510872001422,934,759,759,736,23,0,175,51,87,200142,2
"Block Group 3, Census Tract 2001.42, Henrico County, Virginia",510872001423,1289,891,891,880,11,0,398,51,87,200142,3
"Block Group 1, Census Tract 2001.44, Henrico County, Virginia",510872001441,984,819,803,792,11,16,165,51,87,200144,1
"Block Group 1, Census Tract 2001.45, Henrico County, Virginia",510872001451,1243,978,978,961,17,0,265,51,87,200145,1
"Block Group 2, Census Tract 2001.45, Henrico County, Virginia",510872001452,2007,1376,1376,1362,14,0,631,51,87,200145,2
"Block Group 2, Census Tract 2001.46, Henrico County, Virginia",510872001462,494,239,239,239,0,0,255,51,87,200146,2
"Block Group 3, Census Tract 2001.46, Henrico County, Virginia",510872001463,1351,926,926,871,55,0,425,51,87,200146,3
"Block Group 2, Census Tract 2001.47, Henrico County, Virginia",510872001472,1414,1099,1099,1059,40,0,315,51,87,200147,2
"Block Group 3, Census Tract 2001.47, Henrico County, Virginia",510872001473,2332,1606,1606,1560,46,0,726,51,87,200147,3
"Block Group 2, Census Tract 2001.48, Henrico County, Virginia",510872001482,398,291,291,276,15,0,107,51,87,200148,2
"Block Group 3, Census Tract 2001.48, Henrico County, Virginia",510872001483,946,767,767,767,0,0,179,51,87,200148,3
"Block Group 2, Census Tract 2001.49, Henrico County, Virginia",510872001492,1018,757,757,757,0,0,261,51,87,200149,2
"Block Group 3, Census Tract 2001.49, Henrico County, Virginia",510872001493,496,405,405,405,0,0,91,51,87,200149,3
"Block Group 1, Census Tract 2001.50, Henrico County, Virginia",510872001501,1176,938,938,830,108,0,238,51,87,200150,1
"Block Group 2, Census Tract 2001.50, Henrico County, Virginia",510872001502,1773,1200,1200,1131,69,0,573,51,87,200150,2
"Block Group 1, Census Tract 2001.51, Henrico County, Virginia",510872001511,1161,941,941,941,0,0,220,51,87,200151,1
"Block Group 2, Census Tract 2001.51, Henrico County, Virginia",510872001512,875,665,665,665,0,0,210,51,87,200151,2
"Block Group 3, Census Tract 2001.51, Henrico County, Virginia",510872001513,1521,1203,1203,1146,57,0,318,51,87,200151,3
"Block Group 4, Census Tract 2001.51, Henrico County, Virginia",510872001514,1082,829,823,789,34,6,253,51,87,200151,4
"Block Group 1, Census Tract 2001.52, Henrico County, Virginia",510872001521,1293,574,574,574,0,0,719,51,87,200152,1
"Block Group 2, Census Tract 2001.52, Henrico County, Virginia",510872001522,1053,510,510,497,13,0,543,51,87,200152,2
"Block Group 1, Census Tract 2001.53, Henrico County, Virginia",510872001531,1203,849,849,816,33,0,354,51,87,200153,1
"Block Group 2, Census Tract 2001.53, Henrico County, Virginia",510872001532,463,383,383,344,39,0,80,51,87,200153,2
"Block Group 3, Census Tract 2001.53, Henrico County, Virginia",510872001533,819,626,626,548,78,0,193,51,87,200153,3
"Block Group 1, Census Tract 2002.01, Henrico County, Virginia",510872002011,1203,839,839,686,153,0,364,51,87,200201,1
"Block Group 2, Census Tract 2002.01, Henrico County, Virginia",510872002012,1226,994,994,956,38,0,232,51,87,200201,2
"Block Group 1, Census Tract 2002.02, Henrico County, Virginia",510872002021,563,316,316,289,27,0,247,51,87,200202,1
"Block Group 2, Census Tract 2002.02, Henrico County, Virginia",510872002022,950,600,600,560,40,0,350,51,87,200202,2
"Block Group 3, Census Tract 2002.02, Henrico County, Virginia",510872002023,604,414,414,404,10,0,190,51,87,200202,3
"Block Group 4, Census Tract 2002.02, Henrico County, Virginia",510872002024,1042,739,739,734,5,0,303,51,87,200202,4
"Block Group 1, Census Tract 2003.01, Henrico County, Virginia",510872003011,649,385,385,375,10,0,264,51,87,200301,1
"Block Group 1, Census Tract 2003.02, Henrico County, Virginia",510872003021,790,625,617,600,17,8,165,51,87,200302,1
"Block Group 2, Census Tract 2003.02, Henrico County, Virginia",510872003022,959,766,759,759,0,7,193,51,87,200302,2
"Block Group 1, Census Tract 2003.03, Henrico County, Virginia",510872003031,1378,1196,1196,1175,21,0,182,51,87,200303,1
"Block Group 2, Census Tract 110.02, Pittsylvania County, Virginia",511430110022,1302,792,792,770,22,0,510,51,143,11002,2
"Block Group 3, Census Tract 110.02, Pittsylvania County, Virginia",511430110023,1058,616,616,602,14,0,442,51,143,11002,3
"Block Group 2, Census Tract 111, Pittsylvania County, Virginia",511430111002,1097,613,613,571,42,0,484,51,143,11100,2
"Block Group 1, Census Tract 112, Pittsylvania County, Virginia",511430112001,663,455,455,416,39,0,208,51,143,11200,1
"Block Group 3, Census Tract 112, Pittsylvania County, Virginia",511430112003,781,507,507,480,27,0,274,51,143,11200,3
"Block Group 1, Census Tract 113.01, Pittsylvania County, Virginia",511430113011,1855,1347,1347,1319,28,0,508,51,143,11301,1
"Block Group 2, Census Tract 113.01, Pittsylvania County, Virginia",511430113012,1564,915,915,829,86,0,649,51,143,11301,2
"Block Group 1, Census Tract 113.02, Pittsylvania County, Virginia",511430113021,1846,976,976,976,0,0,870,51,143,11302,1
"Block Group 2, Census Tract 113.02, Pittsylvania County, Virginia",511430113022,765,474,474,474,0,0,291,51,143,11302,2
"Block Group 1, Census Tract 114, Pittsylvania County, Virginia",511430114001,1071,774,774,705,69,0,297,51,143,11400,1
"Block Group 2, Census Tract 114, Pittsylvania County, Virginia",511430114002,1564,896,896,798,98,0,668,51,143,11400,2
"Block Group 3, Census Tract 114, Pittsylvania County, Virginia",511430114003,555,264,264,250,14,0,291,51,143,11400,3
"Block Group 1, Census Tract 5001.01, Powhatan County, Virginia",511455001011,827,347,347,347,0,0,480,51,145,500101,1
"Block Group 2, Census Tract 5001.01, Powhatan County, Virginia",511455001012,2608,1748,1748,1712,36,0,860,51,145,500101,2
"Block Group 3, Census Tract 5001.01, Powhatan County, Virginia",511455001013,1515,965,950,915,35,15,550,51,145,500101,3
"Block Group 4, Census Tract 5001.01, Powhatan County, Virginia",511455001014,947,541,541,528,13,0,406,51,145,500101,4
"Block Group 1, Census Tract 5001.02, Powhatan County, Virginia",511455001021,2005,1360,1360,1343,17,0,645,51,145,500102,1
"Block Group 2, Census Tract 5001.02, Powhatan County, Virginia",511455001022,1125,715,715,715,0,0,410,51,145,500102,2
"Block Group 3, Census Tract 5001.02, Powhatan County, Virginia",511455001023,993,739,739,739,0,0,254,51,145,500102,3
"Block Group 1, Census Tract 5002.01, Powhatan County, Virginia",511455002011,960,557,557,557,0,0,403,51,145,500201,1
"Block Group 3, Census Tract 5002.01, Powhatan County, Virginia",511455002013,1968,1324,1324,1277,47,0,644,51,145,500201,3
"Block Group 1, Census Tract 5002.02, Powhatan County, Virginia",511455002021,1902,1250,1250,1250,0,0,652,51,145,500202,1
"Block Group 1, Census Tract 5003, Powhatan County, Virginia",511455003001,2571,188,188,187,1,0,2383,51,145,500300,1
"Block Group 2, Census Tract 5004, Powhatan County, Virginia",511455004002,724,496,496,496,0,0,228,51,145,500400,2
"Block Group 3, Census Tract 5004, Powhatan County, Virginia",511455004003,1571,985,985,951,34,0,586,51,145,500400,3
"Block Group 2, Census Tract 9301.01, Prince Edward County, Virginia",511479301012,1901,954,954,903,51,0,947,51,147,930101,2
"Block Group 1, Census Tract 9301.02, Prince Edward County, Virginia",511479301021,1036,572,572,565,7,0,464,51,147,930102,1
"Block Group 3, Census Tract 9301.02, Prince Edward County, Virginia",511479301023,925,643,617,528,89,26,282,51,147,930102,3
"Block Group 1, Census Tract 9302.02, Prince Edward County, Virginia",511479302021,891,699,699,676,23,0,192,51,147,930202,1
"Block Group 3, Census Tract 9302.02, Prince Edward County, Virginia",511479302023,765,405,405,350,55,0,360,51,147,930202,3
"Block Group 1, Census Tract 9302.04, Prince Edward County, Virginia",511479302041,1279,647,647,546,101,0,632,51,147,930204,1
"Block Group 2, Census Tract 9302.04, Prince Edward County, Virginia",511479302042,1440,323,323,296,27,0,1117,51,147,930204,2
"Block Group 4, Census Tract 9302.04, Prince Edward County, Virginia",511479302044,1388,270,270,270,0,0,1118,51,147,930204,4
"Block Group 1, Census Tract 9303.01, Prince Edward County, Virginia",511479303011,1574,641,641,636,5,0,933,51,147,930301,1
"Block Group 1, Census Tract 9303.02, Prince Edward County, Virginia",511479303021,638,405,405,308,97,0,233,51,147,930302,1
"Block Group 2, Census Tract 9303.02, Prince Edward County, Virginia",511479303022,1744,655,655,653,2,0,1089,51,147,930302,2
"Block Group 1, Census Tract 8501, Prince George County, Virginia",511498501001,3710,13,13,13,0,0,3697,51,149,850100,1
"Block Group 2, Census Tract 8501, Prince George County, Virginia",511498501002,463,247,247,238,9,0,216,51,149,850100,2
"Block Group 2, Census Tract 8502, Prince George County, Virginia",511498502002,710,660,144,144,0,516,50,51,149,850200,2
"Block Group 3, Census Tract 8502, Prince George County, Virginia",511498502003,1906,1499,988,689,299,511,407,51,149,850200,3
"Block Group 2, Census Tract 211.01, Tazewell County, Virginia",511850211012,1155,536,523,467,56,13,619,51,185,21101,2
"Block Group 1, Census Tract 211.02, Tazewell County, Virginia",511850211021,867,390,390,372,18,0,477,51,185,21102,1
"Block Group 2, Census Tract 211.02, Tazewell County, Virginia",511850211022,1374,825,825,825,0,0,549,51,185,21102,2
"Block Group 1, Census Tract 201.01, Warren County, Virginia",511870201011,1358,970,970,824,146,0,388,51,187,20101,1
"Block Group 2, Census Tract 201.01, Warren County, Virginia",511870201012,1680,1127,1127,1127,0,0,553,51,187,20101,2
"Block Group 3, Census Tract 201.01, Warren County, Virginia",511870201013,848,594,594,576,18,0,254,51,187,20101,3
"Block Group 1, Census Tract 201.02, Warren County, Virginia",511870201021,1781,878,878,847,31,0,903,51,187,20102,1
"Block Group 1, Census Tract 202, Warren County, Virginia",511870202001,790,467,458,399,59,9,323,51,187,20200,1
"Block Group 2, Census Tract 202, Warren County, Virginia",511870202002,1721,1047,1047,1041,6,0,674,51,187,20200,2
"Block Group 2, Census Tract 203, Warren County, Virginia",511870203002,1034,629,629,589,40,0,405,51,187,20300,2
"Block Group 3, Census Tract 203, Warren County, Virginia",511870203003,1067,498,498,469,29,0,569,51,187,20300,3
"Block Group 5, Census Tract 203, Warren County, Virginia",511870203005,1373,701,701,701,0,0,672,51,187,20300,5
"Block Group 1, Census Tract 204, Warren County, Virginia",511870204001,543,269,269,265,4,0,274,51,187,20400,1
"Block Group 3, Census Tract 204, Warren County, Virginia",511870204003,794,516,516,482,34,0,278,51,187,20400,3
"Block Group 4, Census Tract 204, Warren County, Virginia",511870204004,1700,1184,1173,988,185,11,516,51,187,20400,4
"Block Group 1, Census Tract 205, Warren County, Virginia",511870205001,911,636,636,625,11,0,275,51,187,20500,1
"Block Group 2, Census Tract 205, Warren County, Virginia",511870205002,892,525,525,499,26,0,367,51,187,20500,2
"Block Group 4, Census Tract 205, Warren County, Virginia",511870205004,701,434,434,403,31,0,267,51,187,20500,4
"Block Group 1, Census Tract 206.01, Warren County, Virginia",511870206011,1182,663,663,598,65,0,519,51,187,20601,1
"Block Group 3, Census Tract 206.01, Warren County, Virginia",511870206013,1091,785,785,785,0,0,306,51,187,20601,3
"Block Group 2, Census Tract 206.02, Warren County, Virginia",511870206022,747,552,552,516,36,0,195,51,187,20602,2
"Block Group 1, Census Tract 207, Warren County, Virginia",511870207001,1785,1222,1222,1158,64,0,563,51,187,20700,1
"Block Group 1, Census Tract 101.01, Washington County, Virginia",511910101011,921,442,442,442,0,0,479,51,191,10101,1
"Block Group 2, Census Tract 101.01, Washington County, Virginia",511910101012,769,437,437,391,46,0,332,51,191,10101,2
"Block Group 1, Census Tract 101.02, Washington County, Virginia",511910101021,1479,735,735,735,0,0,744,51,191,10102,1
"Block Group 2, Census Tract 101.02, Washington County, Virginia",511910101022,1216,768,768,768,0,0,448,51,191,10102,2
"Block Group 2, Census Tract 102, Washington County, Virginia",511910102002,517,298,298,282,16,0,219,51,191,10200,2
"Block Group 3, Census Tract 102, Washington County, Virginia",511910102003,653,305,305,305,0,0,348,51,191,10200,3
"Block Group 1, Census Tract 103.01, Washington County, Virginia",511910103011,1635,1179,1179,1159,20,0,456,51,191,10301,1
"Block Group 2, Census Tract 103.01, Washington County, Virginia",511910103012,891,508,508,508,0,0,383,51,191,10301,2
"Block Group 2, Census Tract 103.02, Washington County, Virginia",511910103022,1370,594,594,594,0,0,776,51,191,10302,2
"Block Group 1, Census Tract 104.01, Washington County, Virginia",511910104011,1350,770,770,715,55,0,580,51,191,10401,1
"Block Group 1, Census Tract 104.02, Washington County, Virginia",511910104021,2570,1384,1384,1268,116,0,1186,51,191,10402,1
"Block Group 1, Census Tract 105.01, Washington County, Virginia",511910105011,1145,683,671,603,68,12,462,51,191,10501,1
"Block Group 3, Census Tract 105.01, Washington County, Virginia",511910105013,869,494,494,470,24,0,375,51,191,10501,3
"Block Group 1, Census Tract 105.02, Washington County, Virginia",511910105021,1590,583,583,564,19,0,1007,51,191,10502,1
"Block Group 3, Census Tract 105.02, Washington County, Virginia",511910105023,1096,594,594,579,15,0,502,51,191,10502,3
"Block Group 1, Census Tract 106.01, Washington County, Virginia",511910106011,1019,481,481,428,53,0,538,51,191,10601,1
"Block Group 2, Census Tract 106.01, Washington County, Virginia",511910106012,863,383,383,343,40,0,480,51,191,10601,2
"Block Group 3, Census Tract 106.01, Washington County, Virginia",511910106013,1293,720,720,688,32,0,573,51,191,10601,3
"Block Group 1, Census Tract 106.02, Washington County, Virginia",511910106021,1264,602,602,563,39,0,662,51,191,10602,1
"Block Group 2, Census Tract 5, Martinsville city, Virginia",516900005002,348,163,163,163,0,0,185,51,690,500,2
"Block Group 4, Census Tract 5, Martinsville city, Virginia",516900005004,562,329,329,329,0,0,233,51,690,500,4
"Block Group 1, Census Tract 301, Newport News city, Virginia",517000301001,923,404,404,343,61,0,519,51,700,30100,1
"Block Group 3, Census Tract 301, Newport News city, Virginia",517000301003,1317,538,479,457,22,59,779,51,700,30100,3
"Block Group 4, Census Tract 301, Newport News city, Virginia",517000301004,1373,1291,383,291,92,908,82,51,700,30100,4
"Block Group 2, Census Tract 303, Newport News city, Virginia",517000303002,1231,942,942,920,22,0,289,51,700,30300,2
"Block Group 3, Census Tract 303, Newport News city, Virginia",517000303003,475,180,180,153,27,0,295,51,700,30300,3
"Block Group 5, Census Tract 303, Newport News city, Virginia",517000303005,393,234,234,234,0,0,159,51,700,30300,5
"Block Group 1, Census Tract 304, Newport News city, Virginia",517000304001,1316,773,773,711,62,0,543,51,700,30400,1
"Block Group 1, Census Tract 305, Newport News city, Virginia",517000305001,920,418,408,395,13,10,502,51,700,30500,1
"Block Group 2, Census Tract 305, Newport News city, Virginia",517000305002,989,640,640,608,32,0,349,51,700,30500,2
"Block Group 2, Census Tract 306, Newport News city, Virginia",517000306002,827,408,408,371,37,0,419,51,700,30600,2
"Block Group 1, Census Tract 308, Newport News city, Virginia",517000308001,604,316,316,312,4,0,288,51,700,30800,1
"Block Group 3, Census Tract 308, Newport News city, Virginia",517000308003,308,191,154,109,45,37,117,51,700,30800,3
"Block Group 1, Census Tract 309, Newport News city, Virginia",517000309001,626,310,310,310,0,0,316,51,700,30900,1
"Block Group 2, Census Tract 311, Newport News city, Virginia",517000311002,0,0,0,0,0,0,0,51,700,31100,2
"Block Group 1, Census Tract 312, Newport News city, Virginia",517000312001,1264,901,884,863,21,17,363,51,700,31200,1
"Block Group 2, Census Tract 312, Newport News city, Virginia",517000312002,488,295,295,276,19,0,193,51,700,31200,2
"Block Group 2, Census Tract 313, Newport News city, Virginia",517000313002,576,386,386,368,18,0,190,51,700,31300,2
"Block Group 3, Census Tract 313, Newport News city, Virginia",517000313003,1561,1034,1008,853,155,26,527,51,700,31300,3
"Block Group 1, Census Tract 314, Newport News city, Virginia",517000314001,938,731,669,619,50,62,207,51,700,31400,1
"Block Group 2, Census Tract 314, Newport News city, Virginia",517000314002,1099,771,733,658,75,38,328,51,700,31400,2
"Block Group 3, Census Tract 314, Newport News city, Virginia",517000314003,1258,751,751,613,138,0,507,51,700,31400,3
"Block Group 4, Census Tract 314, Newport News city, Virginia",517000314004,1092,417,417,330,87,0,675,51,700,31400,4
"Block Group 1, Census Tract 315, Newport News city, Virginia",517000315001,1413,1053,956,939,17,97,360,51,700,31500,1
"Block Group 2, Census Tract 315, Newport News city, Virginia",517000315002,1546,1086,965,965,0,121,460,51,700,31500,2
"Block Group 3, Census Tract 315, Newport News city, Virginia",517000315003,1247,891,873,850,23,18,356,51,700,31500,3
"Block Group 1, Census Tract 316.02, Newport News city, Virginia",517000316021,1095,769,749,734,15,20,326,51,700,31602,1
"Block Group 2, Census Tract 316.02, Newport News city, Virginia",517000316022,1114,668,668,638,30,0,446,51,700,31602,2
"Block Group 3, Census Tract 316.02, Newport News city, Virginia",517000316023,1757,1082,898,859,39,184,675,51,700,31602,3
"Block Group 1, Census Tract 316.03, Newport News city, Virginia",517000316031,2013,1540,1540,1466,74,0,473,51,700,31603,1
"Block Group 2, Census Tract 316.03, Newport News city, Virginia",517000316032,1573,1293,1163,1104,59,130,280,51,700,31603,2
"Block Group 1, Census Tract 316.04, Newport News city, Virginia",517000316041,1118,916,804,781,23,112,202,51,700,31604,1
"Block Group 1, Census Tract 317.01, Newport News city, Virginia",517000317011,1897,1134,1134,1015,119,0,763,51,700,31701,1
"Block Group 2, Census Tract 317.01, Newport News city, Virginia",517000317012,2052,659,659,576,83,0,1393,51,700,31701,2
"Block Group 2, Census Tract 317.02, Newport News city, Virginia",517000317022,1733,1218,1207,1182,25,11,515,51,700,31702,2
"Block Group 1, Census Tract 318, Newport News city, Virginia",517000318001,1210,620,607,593,14,13,590,51,700,31800,1
"Block Group 2, Census Tract 318, Newport News city, Virginia",517000318002,1571,988,981,952,29,7,583,51,700,31800,2
"Block Group 2, Census Tract 319.01, Newport News city, Virginia",517000319012,1619,968,956,920,36,12,651,51,700,31901,2
"Block Group 1, Census Tract 319.02, Newport News city, Virginia",517000319021,739,420,420,340,80,0,319,51,700,31902,1
"Block Group 3, Census Tract 319.02, Newport News city, Virginia",517000319023,1321,1002,951,863,88,51,319,51,700,31902,3
"Block Group 2, Census Tract 440.05, Virginia Beach city, Virginia",518100440052,1447,1158,1116,1067,49,42,289,51,810,44005,2
"Block Group 1, Census Tract 440.06, Virginia Beach city, Virginia",518100440061,859,550,524,524,0,26,309,51,810,44006,1
"Block Group 3, Census Tract 440.06, Virginia Beach city, Virginia",518100440063,879,633,606,557,49,27,246,51,810,44006,3
"Block Group 1, Census Tract 440.07, Virginia Beach city, Virginia",518100440071,1010,737,737,712,25,0,273,51,810,44007,1
"Block Group 3, Census Tract 440.07, Virginia Beach city, Virginia",518100440073,725,284,284,265,19,0,441,51,810,44007,3
"Block Group 4, Census Tract 440.07, Virginia Beach city, Virginia",518100440074,434,332,332,332,0,0,102,51,810,44007,4
"Block Group 1, Census Tract 440.08, Virginia Beach city, Virginia",518100440081,1170,798,792,737,55,6,372,51,810,44008,1
"Block Group 2, Census Tract 440.08, Virginia Beach city, Virginia",518100440082,58,58,58,58,0,0,0,51,810,44008,2
"Block Group 1, Census Tract 442.01, Virginia Beach city, Virginia",518100442011,1468,1166,1112,1103,9,54,302,51,810,44201,1
"Block Group 2, Census Tract 442.01, Virginia Beach city, Virginia",518100442012,712,577,577,563,14,0,135,51,810,44201,2
"Block Group 1, Census Tract 442.02, Virginia Beach city, Virginia",518100442021,865,762,549,536,13,213,103,51,810,44202,1
"Block Group 2, Census Tract 442.02, Virginia Beach city, Virginia",518100442022,801,656,616,607,9,40,145,51,810,44202,2
"Block Group 3, Census Tract 442.02, Virginia Beach city, Virginia",518100442023,1193,1031,940,901,39,91,162,51,810,44202,3
"Block Group 1, Census Tract 444.01, Virginia Beach city, Virginia",518100444011,535,331,331,331,0,0,204,51,810,44401,1
"Block Group 2, Census Tract 444.01, Virginia Beach city, Virginia",518100444012,1368,721,721,706,15,0,647,51,810,44401,2
"Block Group 3, Census Tract 444.01, Virginia Beach city, Virginia",518100444013,884,496,496,496,0,0,388,51,810,44401,3
"Block Group 1, Census Tract 444.02, Virginia Beach city, Virginia",518100444021,1935,1575,1542,1489,53,33,360,51,810,44402,1
"Block Group 2, Census Tract 444.02, Virginia Beach city, Virginia",518100444022,739,501,501,484,17,0,238,51,810,44402,2
"Block Group 3, Census Tract 444.02, Virginia Beach city, Virginia",518100444023,1305,884,868,816,52,16,421,51,810,44402,3
"Block Group 4, Census Tract 444.02, Virginia Beach city, Virginia",518100444024,514,311,311,311,0,0,203,51,810,44402,4
"Block Group 2, Census Tract 446, Virginia Beach city, Virginia",518100446002,1388,560,527,526,1,33,828,51,810,44600,2
"Block Group 3, Census Tract 446, Virginia Beach city, Virginia",518100446003,478,262,254,240,14,8,216,51,810,44600,3
"Block Group 1, Census Tract 448.05, Virginia Beach city, Virginia",518100448051,1121,1024,946,879,67,78,97,51,810,44805,1
"Block Group 2, Census Tract 448.05, Virginia Beach city, Virginia",518100448052,546,400,328,276,52,72,146,51,810,44805,2
"Block Group 1, Census Tract 448.06, Virginia Beach city, Virginia",518100448061,1632,1308,1250,1159,91,58,324,51,810,44806,1
"Block Group 2, Census Tract 448.06, Virginia Beach city, Virginia",518100448062,458,398,358,358,0,40,60,51,810,44806,2
"Block Group 1, Census Tract 448.07, Virginia Beach city, Virginia",518100448071,1044,558,558,558,0,0,486,51,810,44807,1
"Block Group 2, Census Tract 448.07, Virginia Beach city, Virginia",518100448072,860,695,588,511,77,107,165,51,810,44807,2
"Block Group 4, Census Tract 448.07, Virginia Beach city, Virginia",518100448074,587,458,394,345,49,64,129,51,810,44807,4
"Block Group 5, Census Tract 448.07, Virginia Beach city, Virginia",518100448075,1214,983,911,888,23,72,231,51,810,44807,5
"Block Group 2, Census Tract 448.08, Virginia Beach city, Virginia",518100448082,623,565,565,520,45,0,58,51,810,44808,2
"Block Group 3, Census Tract 448.08, Virginia Beach city, Virginia",518100448083,1117,780,726,635,91,54,337,51,810,44808,3
"Block Group 1, Census Tract 452, Virginia Beach city, Virginia",518100452001,0,0,0,0,0,0,0,51,810,45200,1
"Block Group 2, Census Tract 452, Virginia Beach city, Virginia",518100452002,1545,1025,795,779,16,230,520,51,810,45200,2
"Block Group 1, Census Tract 454.05, Virginia Beach city, Virginia",518100454051,579,547,484,484,0,63,32,51,810,45405,1
"Block Group 2, Census Tract 454.05, Virginia Beach city, Virginia",518100454052,1002,658,636,611,25,22,344,51,810,45405,2
"Block Group 4, Census Tract 454.05, Virginia Beach city, Virginia",518100454054,1088,915,909,792,117,6,173,51,810,45405,4
"Block Group 5, Census Tract 454.05, Virginia Beach city, Virginia",518100454055,552,437,400,388,12,37,115,51,810,45405,5
"Block Group 2, Census Tract 454.07, Virginia Beach city, Virginia",518100454072,626,461,413,403,10,48,165,51,810,45407,2
"Block Group 3, Census Tract 454.07, Virginia Beach city, Virginia",518100454073,1371,902,902,882,20,0,469,51,810,45407,3
"Block Group 1, Census Tract 1023.01, Arlington County, Virginia",510131023011,643,476,464,459,5,12,167,51,13,102301,1
"Block Group 1, Census Tract 1023.02, Arlington County, Virginia",510131023021,720,662,651,617,34,11,58,51,13,102302,1
"Block Group 2, Census Tract 1023.02, Arlington County, Virginia",510131023022,1403,1097,1097,1097,0,0,306,51,13,102302,2
"Block Group 1, Census Tract 1024, Arlington County, Virginia",510131024001,778,675,675,666,9,0,103,51,13,102400,1
"Block Group 2, Census Tract 1024, Arlington County, Virginia",510131024002,1126,839,839,839,0,0,287,51,13,102400,2
"Block Group 4, Census Tract 1024, Arlington County, Virginia",510131024004,319,244,244,244,0,0,75,51,13,102400,4
"Block Group 1, Census Tract 1025, Arlington County, Virginia",510131025001,1894,1638,1624,1452,172,14,256,51,13,102500,1
"Block Group 3, Census Tract 1025, Arlington County, Virginia",510131025003,1109,877,877,877,0,0,232,51,13,102500,3
"Block Group 1, Census Tract 1026, Arlington County, Virginia",510131026001,2340,1938,1923,1851,72,15,402,51,13,102600,1
"Block Group 1, Census Tract 1027.01, Arlington County, Virginia",510131027011,2334,1916,1896,1702,194,20,418,51,13,102701,1
"Block Group 2, Census Tract 1027.01, Arlington County, Virginia",510131027012,436,302,302,294,8,0,134,51,13,102701,2
"Block Group 2, Census Tract 1027.02, Arlington County, Virginia",510131027022,569,354,344,336,8,10,215,51,13,102702,2
"Block Group 1, Census Tract 1028.02, Arlington County, Virginia",510131028021,933,664,664,628,36,0,269,51,13,102802,1
"Block Group 2, Census Tract 1028.03, Arlington County, Virginia",510131028032,1508,1017,1017,1017,0,0,491,51,13,102803,2
"Block Group 3, Census Tract 1028.03, Arlington County, Virginia",510131028033,548,354,354,354,0,0,194,51,13,102803,3
"Block Group 2, Census Tract 1028.04, Arlington County, Virginia",510131028042,1002,753,705,705,0,48,249,51,13,102804,2
"Block Group 3, Census Tract 1028.04, Arlington County, Virginia",510131028043,1125,974,942,942,0,32,151,51,13,102804,3
"Block Group 4, Census Tract 1028.04, Arlington County, Virginia",510131028044,995,778,778,733,45,0,217,51,13,102804,4
"Block Group 1, Census Tract 1029.01, Arlington County, Virginia",510131029011,891,765,738,675,63,27,126,51,13,102901,1
"Block Group 2, Census Tract 1029.01, Arlington County, Virginia",510131029012,880,702,674,663,11,28,178,51,13,102901,2
"Block Group 3, Census Tract 1029.01, Arlington County, Virginia",510131029013,873,720,664,664,0,56,153,51,13,102901,3
"Block Group 1, Census Tract 1029.03, Arlington County, Virginia",510131029031,1273,1064,1043,1031,12,21,209,51,13,102903,1
"Block Group 1, Census Tract 1029.04, Arlington County, Virginia",510131029041,236,223,223,223,0,0,13,51,13,102904,1
"Block Group 2, Census Tract 1029.04, Arlington County, Virginia",510131029042,1194,1018,912,912,0,106,176,51,13,102904,2
"Block Group 3, Census Tract 1029.04, Arlington County, Virginia",510131029043,1211,1014,1014,988,26,0,197,51,13,102904,3
"Block Group 1, Census Tract 1030, Arlington County, Virginia",510131030001,956,779,718,718,0,61,177,51,13,103000,1
"Block Group 2, Census Tract 1030, Arlington County, Virginia",510131030002,573,511,500,500,0,11,62,51,13,103000,2
"Block Group 3, Census Tract 1030, Arlington County, Virginia",510131030003,1126,939,924,905,19,15,187,51,13,103000,3
"Block Group 1, Census Tract 1031, Arlington County, Virginia",510131031001,2031,1548,1514,1479,35,34,483,51,13,103100,1
"Block Group 2, Census Tract 1031, Arlington County, Virginia",510131031002,1639,1342,1342,1339,3,0,297,51,13,103100,2
"Block Group 3, Census Tract 1031, Arlington County, Virginia",510131031003,1457,1277,1256,1240,16,21,180,51,13,103100,3
"Block Group 2, Census Tract 1032, Arlington County, Virginia",510131032002,1447,1180,1116,1093,23,64,267,51,13,103200,2
"Block Group 3, Census Tract 1032, Arlington County, Virginia",510131032003,825,773,705,691,14,68,52,51,13,103200,3
"Block Group 1, Census Tract 1033, Arlington County, Virginia",510131033001,966,671,642,631,11,29,295,51,13,103300,1
"Block Group 2, Census Tract 1033, Arlington County, Virginia",510131033002,1139,964,941,867,74,23,175,51,13,103300,2
"Block Group 2, Census Tract 1034.01, Arlington County, Virginia",510131034012,0,0,0,0,0,0,0,51,13,103401,2
"Block Group 1, Census Tract 1034.03, Arlington County, Virginia",510131034031,1208,1140,1110,1105,5,30,68,51,13,103403,1
"Block Group 1, Census Tract 1034.05, Arlington County, Virginia",510131034051,768,652,613,601,12,39,116,51,13,103405,1
"Block Group 1, Census Tract 1035.01, Arlington County, Virginia",510131035011,1111,725,695,695,0,30,386,51,13,103501,1
"Block Group 2, Census Tract 1035.01, Arlington County, Virginia",510131035012,455,422,422,422,0,0,33,51,13,103501,2
"Block Group 1, Census Tract 4408, Fairfax County, Virginia",510594408001,2383,1486,1486,1359,127,0,897,51,59,440800,1
"Block Group 2, Census Tract 4408, Fairfax County, Virginia",510594408002,854,522,492,465,27,30,332,51,59,440800,2
"Block Group 1, Census Tract 4501, Fairfax County, Virginia",510594501001,437,348,348,348,0,0,89,51,59,450100,1
"Block Group 2, Census Tract 4501, Fairfax County, Virginia",510594501002,2516,2183,2183,2068,115,0,333,51,59,450100,2
"Block Group 3, Census Tract 4501, Fairfax County, Virginia",510594501003,434,299,299,299,0,0,135,51,59,450100,3
"Block Group 4, Census Tract 4501, Fairfax County, Virginia",510594501004,927,711,711,680,31,0,216,51,59,450100,4
"Block Group 1, Census Tract 4502, Fairfax County, Virginia",510594502001,2041,1631,1631,1564,67,0,410,51,59,450200,1
"Block Group 2, Census Tract 4502, Fairfax County, Virginia",510594502002,1517,1020,980,857,123,40,497,51,59,450200,2
"Block Group 1, Census Tract 4503, Fairfax County, Virginia",510594503001,997,849,839,715,124,10,148,51,59,450300,1
"Block Group 2, Census Tract 4503, Fairfax County, Virginia",510594503002,671,618,618,476,142,0,53,51,59,450300,2
"Block Group 3, Census Tract 4503, Fairfax County, Virginia",510594503003,2073,1511,1511,1464,47,0,562,51,59,450300,3
"Block Group 4, Census Tract 4503, Fairfax County, Virginia",510594503004,676,355,355,355,0,0,321,51,59,450300,4
"Block Group 1, Census Tract 4504, Fairfax County, Virginia",510594504001,848,547,547,524,23,0,301,51,59,450400,1
"Block Group 2, Census Tract 4504, Fairfax County, Virginia",510594504002,1355,912,912,858,54,0,443,51,59,450400,2
"Block Group 1, Census Tract 4505, Fairfax County, Virginia",510594505001,809,556,556,543,13,0,253,51,59,450500,1
"Block Group 2, Census Tract 4505, Fairfax County, Virginia",510594505002,1732,1083,1071,1026,45,12,649,51,59,450500,2
"Block Group 2, Census Tract 4506.01, Fairfax County, Virginia",510594506012,1083,810,792,757,35,18,273,51,59,450601,2
"Block Group 3, Census Tract 4506.01, Fairfax County, Virginia",510594506013,863,608,608,597,11,0,255,51,59,450601,3
"Block Group 1, Census Tract 4506.02, Fairfax County, Virginia",510594506021,1049,889,878,878,0,11,160,51,59,450602,1
"Block Group 2, Census Tract 4506.02, Fairfax County, Virginia",510594506022,1473,1057,1045,1014,31,12,416,51,59,450602,2
"Block Group 1, Census Tract 4507.01, Fairfax County, Virginia",510594507011,2434,1781,1781,1739,42,0,653,51,59,450701,1
"Block Group 1, Census Tract 4507.02, Fairfax County, Virginia",510594507021,2494,1895,1876,1807,69,19,599,51,59,450702,1
"Block Group 1, Census Tract 4508, Fairfax County, Virginia",510594508001,1004,831,831,815,16,0,173,51,59,450800,1
"Block Group 2, Census Tract 4508, Fairfax County, Virginia",510594508002,1007,749,749,749,0,0,258,51,59,450800,2
"Block Group 1, Census Tract 4509, Fairfax County, Virginia",510594509001,699,514,514,496,18,0,185,51,59,450900,1
"Block Group 2, Census Tract 4509, Fairfax County, Virginia",510594509002,731,456,456,451,5,0,275,51,59,450900,2
"Block Group 2, Census Tract 4510, Fairfax County, Virginia",510594510002,1413,808,803,780,23,5,605,51,59,451000,2
"Block Group 1, Census Tract 4511, Fairfax County, Virginia",510594511001,762,527,521,494,27,6,235,51,59,451100,1
"Block Group 1, Census Tract 4512, Fairfax County, Virginia",510594512001,933,574,569,560,9,5,359,51,59,451200,1
"Block Group 2, Census Tract 4512, Fairfax County, Virginia",510594512002,582,342,342,342,0,0,240,51,59,451200,2
"Block Group 2, Census Tract 4513, Fairfax County, Virginia",510594513002,884,590,590,569,21,0,294,51,59,451300,2
"Block Group 1, Census Tract 4514, Fairfax County, Virginia",510594514001,2059,1588,1559,1438,121,29,471,51,59,451400,1
"Block Group 1, Census Tract 4515.01, Fairfax County, Virginia",510594515011,747,497,497,497,0,0,250,51,59,451501,1
"Block Group 2, Census Tract 4515.01, Fairfax County, Virginia",510594515012,1113,691,691,685,6,0,422,51,59,451501,2
"Block Group 4, Census Tract 4515.01, Fairfax County, Virginia",510594515014,1101,848,848,848,0,0,253,51,59,451501,4
"Block Group 1, Census Tract 4515.02, Fairfax County, Virginia",510594515021,2162,1577,1549,1405,144,28,585,51,59,451502,1
"Block Group 3, Census Tract 4515.02, Fairfax County, Virginia",510594515023,1184,576,576,576,0,0,608,51,59,451502,3
"Block Group 1, Census Tract 4516.01, Fairfax County, Virginia",510594516011,1455,932,932,869,63,0,523,51,59,451601,1
"Block Group 3, Census Tract 4516.01, Fairfax County, Virginia",510594516013,1004,565,565,565,0,0,439,51,59,451601,3
"Block Group 1, Census Tract 4516.02, Fairfax County, Virginia",510594516021,959,758,750,728,22,8,201,51,59,451602,1
"Block Group 1, Census Tract 4518, Fairfax County, Virginia",510594518001,1646,1247,1239,1188,51,8,399,51,59,451800,1
"Block Group 2, Census Tract 2003.03, Henrico County, Virginia",510872003032,1118,787,787,787,0,0,331,51,87,200303,2
"Block Group 2, Census Tract 2003.05, Henrico County, Virginia",510872003052,1176,704,704,691,13,0,472,51,87,200305,2
"Block Group 3, Census Tract 2003.05, Henrico County, Virginia",510872003053,1475,1035,1035,1017,18,0,440,51,87,200305,3
"Block Group 2, Census Tract 2004.04, Henrico County, Virginia",510872004042,767,534,534,479,55,0,233,51,87,200404,2
"Block Group 3, Census Tract 2004.04, Henrico County, Virginia",510872004043,436,361,361,361,0,0,75,51,87,200404,3
"Block Group 2, Census Tract 2004.07, Henrico County, Virginia",510872004072,794,509,509,501,8,0,285,51,87,200407,2
"Block Group 3, Census Tract 2004.07, Henrico County, Virginia",510872004073,849,722,722,722,0,0,127,51,87,200407,3
"Block Group 1, Census Tract 2004.09, Henrico County, Virginia",510872004091,2553,1345,1345,1305,40,0,1208,51,87,200409,1
"Block Group 1, Census Tract 2004.11, Henrico County, Virginia",510872004111,1252,945,945,860,85,0,307,51,87,200411,1
"Block Group 3, Census Tract 2004.11, Henrico County, Virginia",510872004113,521,432,432,422,10,0,89,51,87,200411,3
"Block Group 5, Census Tract 2004.11, Henrico County, Virginia",510872004115,519,442,442,417,25,0,77,51,87,200411,5
"Block Group 1, Census Tract 2004.13, Henrico County, Virginia",510872004131,2078,1173,1173,1082,91,0,905,51,87,200413,1
"Block Group 2, Census Tract 2004.13, Henrico County, Virginia",510872004132,953,542,542,527,15,0,411,51,87,200413,2
"Block Group 1, Census Tract 2004.14, Henrico County, Virginia",510872004141,2085,1541,1541,1484,57,0,544,51,87,200414,1
"Block Group 2, Census Tract 2004.14, Henrico County, Virginia",510872004142,1214,924,924,924,0,0,290,51,87,200414,2
"Block Group 1, Census Tract 2004.15, Henrico County, Virginia",510872004151,2099,1531,1531,1481,50,0,568,51,87,200415,1
"Block Group 2, Census Tract 2004.15, Henrico County, Virginia",510872004152,672,415,415,393,22,0,257,51,87,200415,2
"Block Group 1, Census Tract 2004.16, Henrico County, Virginia",510872004161,935,742,742,742,0,0,193,51,87,200416,1
"Block Group 2, Census Tract 2004.16, Henrico County, Virginia",510872004162,1515,1110,1110,1006,104,0,405,51,87,200416,2
"Block Group 4, Census Tract 2004.16, Henrico County, Virginia",510872004164,1512,914,914,914,0,0,598,51,87,200416,4
"Block Group 1, Census Tract 2004.17, Henrico County, Virginia",510872004171,431,238,238,195,43,0,193,51,87,200417,1
"Block Group 3, Census Tract 2004.17, Henrico County, Virginia",510872004173,688,627,627,627,0,0,61,51,87,200417,3
"Block Group 4, Census Tract 2004.17, Henrico County, Virginia",510872004174,285,228,228,228,0,0,57,51,87,200417,4
"Block Group 2, Census Tract 2004.18, Henrico County, Virginia",510872004182,336,224,224,224,0,0,112,51,87,200418,2
"Block Group 3, Census Tract 2004.18, Henrico County, Virginia",510872004183,1245,1005,955,955,0,50,240,51,87,200418,3
"Block Group 1, Census Tract 2005.01, Henrico County, Virginia",510872005011,1314,990,990,909,81,0,324,51,87,200501,1
"Block Group 2, Census Tract 2005.01, Henrico County, Virginia",510872005012,369,268,268,251,17,0,101,51,87,200501,2
"Block Group 1, Census Tract 2005.02, Henrico County, Virginia",510872005021,1163,860,860,837,23,0,303,51,87,200502,1
"Block Group 2, Census Tract 2005.02, Henrico County, Virginia",510872005022,622,519,519,504,15,0,103,51,87,200502,2
"Block Group 1, Census Tract 2005.03, Henrico County, Virginia",510872005031,928,504,504,482,22,0,424,51,87,200503,1
"Block Group 2, Census Tract 2005.03, Henrico County, Virginia",510872005032,1450,1039,1039,1009,30,0,411,51,87,200503,2
"Block Group 3, Census Tract 2005.03, Henrico County, Virginia",510872005033,1598,1063,1063,1055,8,0,535,51,87,200503,3
"Block Group 1, Census Tract 2006, Henrico County, Virginia",510872006001,727,527,527,527,0,0,200,51,87,200600,1
"Block Group 2, Census Tract 2006, Henrico County, Virginia",510872006002,846,566,566,566,0,0,280,51,87,200600,2
"Block Group 3, Census Tract 2006, Henrico County, Virginia",510872006003,1366,833,706,654,52,127,533,51,87,200600,3
"Block Group 4, Census Tract 2006, Henrico County, Virginia",510872006004,1096,841,841,771,70,0,255,51,87,200600,4
"Block Group 1, Census Tract 2007, Henrico County, Virginia",510872007001,730,682,636,565,71,46,48,51,87,200700,1
"Block Group 2, Census Tract 2007, Henrico County, Virginia",510872007002,835,231,231,231,0,0,604,51,87,200700,2
"Block Group 3, Census Tract 2007, Henrico County, Virginia",510872007003,670,531,531,512,19,0,139,51,87,200700,3
"Block Group 1, Census Tract 2008.01, Henrico County, Virginia",510872008011,1077,828,828,803,25,0,249,51,87,200801,1
"Block Group 2, Census Tract 2008.01, Henrico County, Virginia",510872008012,607,417,417,410,7,0,190,51,87,200801,2
"Block Group 5, Census Tract 8502, Prince George County, Virginia",511498502005,506,374,239,224,15,135,132,51,149,850200,5
"Block Group 1, Census Tract 8503.01, Prince George County, Virginia",511498503011,505,311,302,302,0,9,194,51,149,850301,1
"Block Group 3, Census Tract 8503.01, Prince George County, Virginia",511498503013,452,313,284,284,0,29,139,51,149,850301,3
"Block Group 4, Census Tract 8503.01, Prince George County, Virginia",511498503014,2697,2063,2030,1971,59,33,634,51,149,850301,4
"Block Group 2, Census Tract 8503.02, Prince George County, Virginia",511498503022,2288,1665,1621,1609,12,44,623,51,149,850302,2
"Block Group 1, Census Tract 8504, Prince George County, Virginia",511498504001,530,175,175,154,21,0,355,51,149,850400,1
"Block Group 3, Census Tract 8504, Prince George County, Virginia",511498504003,1085,483,483,402,81,0,602,51,149,850400,3
"Block Group 4, Census Tract 8504, Prince George County, Virginia",511498504004,1221,722,722,693,29,0,499,51,149,850400,4
"Block Group 2, Census Tract 8505.01, Prince George County, Virginia",511498505012,760,384,384,384,0,0,376,51,149,850501,2
"Block Group 3, Census Tract 8505.01, Prince George County, Virginia",511498505013,2217,1566,1566,1548,18,0,651,51,149,850501,3
"Block Group 1, Census Tract 8505.02, Prince George County, Virginia",511498505021,1623,921,921,864,57,0,702,51,149,850502,1
"Block Group 3, Census Tract 8505.02, Prince George County, Virginia",511498505023,648,431,431,422,9,0,217,51,149,850502,3
"Block Group 1, Census Tract 9001, Prince William County, Virginia",511539001001,831,543,524,516,8,19,288,51,153,900100,1
"Block Group 2, Census Tract 9001, Prince William County, Virginia",511539001002,1252,789,785,777,8,4,463,51,153,900100,2
"Block Group 3, Census Tract 9001, Prince William County, Virginia",511539001003,961,555,497,452,45,58,406,51,153,900100,3
"Block Group 1, Census Tract 9002.01, Prince William County, Virginia",511539002011,122,116,116,116,0,0,6,51,153,900201,1
"Block Group 2, Census Tract 9002.01, Prince William County, Virginia",511539002012,1676,1369,1357,1231,126,12,307,51,153,900201,2
"Block Group 1, Census Tract 9002.02, Prince William County, Virginia",511539002021,416,302,302,302,0,0,114,51,153,900202,1
"Block Group 2, Census Tract 9002.02, Prince William County, Virginia",511539002022,1905,1654,1641,1548,93,13,251,51,153,900202,2
"Block Group 3, Census Tract 9002.02, Prince William County, Virginia",511539002023,1018,813,813,779,34,0,205,51,153,900202,3
"Block Group 1, Census Tract 9002.03, Prince William County, Virginia",511539002031,1166,876,876,810,66,0,290,51,153,900203,1
"Block Group 2, Census Tract 9002.03, Prince William County, Virginia",511539002032,451,332,332,332,0,0,119,51,153,900203,2
"Block Group 1, Census Tract 9003.01, Prince William County, Virginia",511539003011,1705,1135,1123,1010,113,12,570,51,153,900301,1
"Block Group 2, Census Tract 9003.01, Prince William County, Virginia",511539003012,1145,956,933,911,22,23,189,51,153,900301,2
"Block Group 2, Census Tract 9003.02, Prince William County, Virginia",511539003022,304,193,178,178,0,15,111,51,153,900302,2
"Block Group 3, Census Tract 9003.02, Prince William County, Virginia",511539003023,1493,1045,1045,1045,0,0,448,51,153,900302,3
"Block Group 1, Census Tract 9004.03, Prince William County, Virginia",511539004031,1015,721,721,690,31,0,294,51,153,900403,1
"Block Group 2, Census Tract 9004.03, Prince William County, Virginia",511539004032,762,503,503,471,32,0,259,51,153,900403,2
"Block Group 4, Census Tract 9004.03, Prince William County, Virginia",511539004034,1072,722,712,700,12,10,350,51,153,900403,4
"Block Group 5, Census Tract 9004.03, Prince William County, Virginia",511539004035,0,0,0,0,0,0,0,51,153,900403,5
"Block Group 1, Census Tract 9004.04, Prince William County, Virginia",511539004041,1439,865,865,841,24,0,574,51,153,900404,1
"Block Group 2, Census Tract 9004.04, Prince William County, Virginia",511539004042,2040,1517,1517,1436,81,0,523,51,153,900404,2
"Block Group 1, Census Tract 9004.07, Prince William County, Virginia",511539004071,1274,817,817,693,124,0,457,51,153,900407,1
"Block Group 2, Census Tract 9004.07, Prince William County, Virginia",511539004072,1164,945,905,743,162,40,219,51,153,900407,2
"Block Group 4, Census Tract 9004.07, Prince William County, Virginia",511539004074,1249,1121,1121,1075,46,0,128,51,153,900407,4
"Block Group 1, Census Tract 9004.08, Prince William County, Virginia",511539004081,867,612,601,573,28,11,255,51,153,900408,1
"Block Group 3, Census Tract 9004.08, Prince William County, Virginia",511539004083,1827,1528,1508,1472,36,20,299,51,153,900408,3
"Block Group 1, Census Tract 9004.09, Prince William County, Virginia",511539004091,976,649,649,649,0,0,327,51,153,900409,1
"Block Group 3, Census Tract 9004.09, Prince William County, Virginia",511539004093,1540,1224,1213,1155,58,11,316,51,153,900409,3
"Block Group 2, Census Tract 106.02, Washington County, Virginia",511910106022,1240,720,720,621,99,0,520,51,191,10602,2
"Block Group 1, Census Tract 107, Washington County, Virginia",511910107001,806,396,396,367,29,0,410,51,191,10700,1
"Block Group 2, Census Tract 107, Washington County, Virginia",511910107002,1337,560,560,525,35,0,777,51,191,10700,2
"Block Group 3, Census Tract 107, Washington County, Virginia",511910107003,1779,938,938,899,39,0,841,51,191,10700,3
"Block Group 1, Census Tract 108, Washington County, Virginia",511910108001,940,425,425,425,0,0,515,51,191,10800,1
"Block Group 2, Census Tract 108, Washington County, Virginia",511910108002,798,486,486,479,7,0,312,51,191,10800,2
"Block Group 3, Census Tract 108, Washington County, Virginia",511910108003,917,505,505,496,9,0,412,51,191,10800,3
"Block Group 1, Census Tract 109, Washington County, Virginia",511910109001,1512,954,954,909,45,0,558,51,191,10900,1
"Block Group 2, Census Tract 109, Washington County, Virginia",511910109002,1334,594,594,586,8,0,740,51,191,10900,2
"Block Group 1, Census Tract 110, Washington County, Virginia",511910110001,1261,694,694,653,41,0,567,51,191,11000,1
"Block Group 2, Census Tract 110, Washington County, Virginia",511910110002,694,474,474,464,10,0,220,51,191,11000,2
"Block Group 1, Census Tract 101.01, Westmoreland County, Virginia",511930101011,977,689,689,375,314,0,288,51,193,10101,1
"Block Group 2, Census Tract 101.01, Westmoreland County, Virginia",511930101012,1126,389,389,389,0,0,737,51,193,10101,2
"Block Group 2, Census Tract 101.02, Westmoreland County, Virginia",511930101022,127,61,61,32,29,0,66,51,193,10102,2
"Block Group 3, Census Tract 101.02, Westmoreland County, Virginia",511930101023,661,314,314,295,19,0,347,51,193,10102,3
"Block Group 1, Census Tract 102, Westmoreland County, Virginia",511930102001,1126,699,699,624,75,0,427,51,193,10200,1
"Block Group 2, Census Tract 102, Westmoreland County, Virginia",511930102002,719,431,431,423,8,0,288,51,193,10200,2
"Block Group 1, Census Tract 103, Westmoreland County, Virginia",511930103001,1427,920,920,900,20,0,507,51,193,10300,1
"Block Group 2, Census Tract 103, Westmoreland County, Virginia",511930103002,1102,822,816,598,218,6,280,51,193,10300,2
"Block Group 1, Census Tract 104.01, Westmoreland County, Virginia",511930104011,471,287,287,287,0,0,184,51,193,10401,1
"Block Group 2, Census Tract 104.01, Westmoreland County, Virginia",511930104012,1626,994,994,773,221,0,632,51,193,10401,2
"Block Group 2, Census Tract 104.02, Westmoreland County, Virginia",511930104022,713,241,241,231,10,0,472,51,193,10402,2
"Block Group 3, Census Tract 104.02, Westmoreland County, Virginia",511930104023,901,402,282,249,33,120,499,51,193,10402,3
"Block Group 2, Census Tract 9307, Wise County, Virginia",511959307002,716,513,513,388,125,0,203,51,195,930700,2
"Block Group 3, Census Tract 9307, Wise County, Virginia",511959307003,826,0,0,0,0,0,826,51,195,930700,3
"Block Group 2, Census Tract 9308, Wise County, Virginia",511959308002,657,355,355,308,47,0,302,51,195,930800,2
"Block Group 1, Census Tract 9309, Wise County, Virginia",511959309001,1333,724,724,724,0,0,609,51,195,930900,1
"Block Group 1, Census Tract 9310, Wise County, Virginia",511959310001,1187,692,687,630,57,5,495,51,195,931000,1
"Block Group 2, Census Tract 9310, Wise County, Virginia",511959310002,575,292,292,292,0,0,283,51,195,931000,2
"Block Group 2, Census Tract 9311, Wise County, Virginia",511959311002,1004,447,447,415,32,0,557,51,195,931100,2
"Block Group 2, Census Tract 9312, Wise County, Virginia",511959312002,2889,1222,1222,1039,183,0,1667,51,195,931200,2
"Block Group 3, Census Tract 9312, Wise County, Virginia",511959312003,297,0,0,0,0,0,297,51,195,931200,3
"Block Group 5, Census Tract 9312, Wise County, Virginia",511959312005,741,284,284,263,21,0,457,51,195,931200,5
"Block Group 1, Census Tract 9313, Wise County, Virginia",511959313001,1821,996,996,973,23,0,825,51,195,931300,1
"Block Group 1, Census Tract 9314, Wise County, Virginia",511959314001,1372,714,714,645,69,0,658,51,195,931400,1
"Block Group 2, Census Tract 9314, Wise County, Virginia",511959314002,1307,659,659,615,44,0,648,51,195,931400,2
"Block Group 1, Census Tract 9315, Wise County, Virginia",511959315001,632,214,214,177,37,0,418,51,195,931500,1
"Block Group 4, Census Tract 9315, Wise County, Virginia",511959315004,967,471,471,455,16,0,496,51,195,931500,4
"Block Group 1, Census Tract 9316, Wise County, Virginia",511959316001,836,434,434,359,75,0,402,51,195,931600,1
"Block Group 2, Census Tract 9316, Wise County, Virginia",511959316002,1121,413,413,368,45,0,708,51,195,931600,2
"Block Group 1, Census Tract 9317, Wise County, Virginia",511959317001,1002,440,440,379,61,0,562,51,195,931700,1
"Block Group 1, Census Tract 320.01, Newport News city, Virginia",517000320011,961,580,573,532,41,7,381,51,700,32001,1
"Block Group 1, Census Tract 320.02, Newport News city, Virginia",517000320021,615,372,372,358,14,0,243,51,700,32002,1
"Block Group 2, Census Tract 320.02, Newport News city, Virginia",517000320022,1046,731,697,676,21,34,315,51,700,32002,2
"Block Group 4, Census Tract 320.02, Newport News city, Virginia",517000320024,1822,1353,1196,1182,14,157,469,51,700,32002,4
"Block Group 1, Census Tract 320.05, Newport News city, Virginia",517000320051,1217,797,764,725,39,33,420,51,700,32005,1
"Block Group 1, Census Tract 320.06, Newport News city, Virginia",517000320061,1786,1586,1506,1373,133,80,200,51,700,32006,1
"Block Group 2, Census Tract 320.06, Newport News city, Virginia",517000320062,1327,571,571,537,34,0,756,51,700,32006,2
"Block Group 1, Census Tract 320.07, Newport News city, Virginia",517000320071,954,638,583,562,21,55,316,51,700,32007,1
"Block Group 2, Census Tract 320.07, Newport News city, Virginia",517000320072,382,279,269,261,8,10,103,51,700,32007,2
"Block Group 1, Census Tract 321.13, Newport News city, Virginia",517000321131,1158,455,455,451,4,0,703,51,700,32113,1
"Block Group 2, Census Tract 321.13, Newport News city, Virginia",517000321132,1190,948,939,922,17,9,242,51,700,32113,2
"Block Group 1, Census Tract 321.14, Newport News city, Virginia",517000321141,1536,1198,1074,1055,19,124,338,51,700,32114,1
"Block Group 1, Census Tract 321.17, Newport News city, Virginia",517000321171,1541,829,829,801,28,0,712,51,700,32117,1
"Block Group 3, Census Tract 321.17, Newport News city, Virginia",517000321173,466,306,306,306,0,0,160,51,700,32117,3
"Block Group 1, Census Tract 321.23, Newport News city, Virginia",517000321231,780,533,533,490,43,0,247,51,700,32123,1
"Block Group 3, Census Tract 321.23, Newport News city, Virginia",517000321233,1574,1341,1341,1156,185,0,233,51,700,32123,3
"Block Group 1, Census Tract 321.24, Newport News city, Virginia",517000321241,1908,1333,1218,1149,69,115,575,51,700,32124,1
"Block Group 1, Census Tract 321.26, Newport News city, Virginia",517000321261,1313,698,636,569,67,62,615,51,700,32126,1
"Block Group 2, Census Tract 321.26, Newport News city, Virginia",517000321262,1589,1011,921,921,0,90,578,51,700,32126,2
"Block Group 1, Census Tract 321.28, Newport News city, Virginia",517000321281,1514,1050,986,964,22,64,464,51,700,32128,1
"Block Group 2, Census Tract 321.28, Newport News city, Virginia",517000321282,480,281,281,256,25,0,199,51,700,32128,2
"Block Group 3, Census Tract 321.28, Newport News city, Virginia",517000321283,1093,932,853,853,0,79,161,51,700,32128,3
"Block Group 1, Census Tract 321.29, Newport News city, Virginia",517000321291,1007,669,590,525,65,79,338,51,700,32129,1
"Block Group 2, Census Tract 321.29, Newport News city, Virginia",517000321292,1533,1336,1247,1126,121,89,197,51,700,32129,2
"Block Group 1, Census Tract 321.30, Newport News city, Virginia",517000321301,1348,1083,1014,1014,0,69,265,51,700,32130,1
"Block Group 2, Census Tract 321.30, Newport News city, Virginia",517000321302,1264,944,897,879,18,47,320,51,700,32130,2
"Block Group 3, Census Tract 321.30, Newport News city, Virginia",517000321303,1411,1026,1007,1007,0,19,385,51,700,32130,3
"Block Group 1, Census Tract 321.31, Newport News city, Virginia",517000321311,563,455,421,407,14,34,108,51,700,32131,1
"Block Group 2, Census Tract 321.31, Newport News city, Virginia",517000321312,992,752,695,664,31,57,240,51,700,32131,2
"Block Group 3, Census Tract 321.31, Newport News city, Virginia",517000321313,946,764,737,675,62,27,182,51,700,32131,3
"Block Group 4, Census Tract 321.31, Newport News city, Virginia",517000321314,1218,781,740,729,11,41,437,51,700,32131,4
"Block Group 1, Census Tract 321.32, Newport News city, Virginia",517000321321,844,633,633,605,28,0,211,51,700,32132,1
"Block Group 2, Census Tract 321.32, Newport News city, Virginia",517000321322,765,579,529,488,41,50,186,51,700,32132,2
"Block Group 4, Census Tract 321.32, Newport News city, Virginia",517000321324,662,505,473,415,58,32,157,51,700,32132,4
"Block Group 5, Census Tract 321.32, Newport News city, Virginia",517000321325,760,351,351,351,0,0,409,51,700,32132,5
"Block Group 2, Census Tract 321.33, Newport News city, Virginia",517000321332,496,400,369,369,0,31,96,51,700,32133,2
"Block Group 1, Census Tract 321.34, Newport News city, Virginia",517000321341,525,450,441,411,30,9,75,51,700,32134,1
"Block Group 1, Census Tract 322.11, Newport News city, Virginia",517000322111,969,516,504,486,18,12,453,51,700,32211,1
"Block Group 4, Census Tract 322.11, Newport News city, Virginia",517000322114,842,664,657,657,0,7,178,51,700,32211,4
"Block Group 1, Census Tract 322.12, Newport News city, Virginia",517000322121,1205,899,850,839,11,49,306,51,700,32212,1
"Block Group 2, Census Tract 454.08, Virginia Beach city, Virginia",518100454082,1590,1238,1062,1049,13,176,352,51,810,45408,2
"Block Group 3, Census Tract 454.08, Virginia Beach city, Virginia",518100454083,399,355,355,355,0,0,44,51,810,45408,3
"Block Group 1, Census Tract 454.12, Virginia Beach city, Virginia",518100454121,1435,708,703,700,3,5,727,51,810,45412,1
"Block Group 1, Census Tract 454.14, Virginia Beach city, Virginia",518100454141,451,269,242,242,0,27,182,51,810,45414,1
"Block Group 3, Census Tract 454.14, Virginia Beach city, Virginia",518100454143,601,429,421,378,43,8,172,51,810,45414,3
"Block Group 1, Census Tract 454.15, Virginia Beach city, Virginia",518100454151,961,626,617,584,33,9,335,51,810,45415,1
"Block Group 2, Census Tract 454.15, Virginia Beach city, Virginia",518100454152,591,446,389,356,33,57,145,51,810,45415,2
"Block Group 1, Census Tract 454.20, Virginia Beach city, Virginia",518100454201,2020,1590,1503,1386,117,87,430,51,810,45420,1
"Block Group 2, Census Tract 454.20, Virginia Beach city, Virginia",518100454202,776,592,542,529,13,50,184,51,810,45420,2
"Block Group 3, Census Tract 454.20, Virginia Beach city, Virginia",518100454203,1440,849,780,763,17,69,591,51,810,45420,3
"Block Group 1, Census Tract 454.21, Virginia Beach city, Virginia",518100454211,751,493,455,441,14,38,258,51,810,45421,1
"Block Group 2, Census Tract 454.21, Virginia Beach city, Virginia",518100454212,1834,1306,1272,1250,22,34,528,51,810,45421,2
"Block Group 1, Census Tract 454.22, Virginia Beach city, Virginia",518100454221,1504,1129,1071,1016,55,58,375,51,810,45422,1
"Block Group 2, Census Tract 454.22, Virginia Beach city, Virginia",518100454222,1773,1362,1201,1162,39,161,411,51,810,45422,2
"Block Group 1, Census Tract 454.24, Virginia Beach city, Virginia",518100454241,1332,941,859,848,11,82,391,51,810,45424,1
"Block Group 2, Census Tract 454.24, Virginia Beach city, Virginia",518100454242,2840,2214,2168,2085,83,46,626,51,810,45424,2
"Block Group 1, Census Tract 454.25, Virginia Beach city, Virginia",518100454251,1997,1480,1401,1190,211,79,517,51,810,45425,1
"Block Group 2, Census Tract 454.25, Virginia Beach city, Virginia",518100454252,545,352,328,320,8,24,193,51,810,45425,2
"Block Group 1, Census Tract 454.26, Virginia Beach city, Virginia",518100454261,1582,1017,936,809,127,81,565,51,810,45426,1
"Block Group 2, Census Tract 454.26, Virginia Beach city, Virginia",518100454262,1850,1309,1257,1207,50,52,541,51,810,45426,2
"Block Group 1, Census Tract 454.27, Virginia Beach city, Virginia",518100454271,1128,1034,881,829,52,153,94,51,810,45427,1
"Block Group 2, Census Tract 454.27, Virginia Beach city, Virginia",518100454272,748,496,479,460,19,17,252,51,810,45427,2
"Block Group 4, Census Tract 454.27, Virginia Beach city, Virginia",518100454274,1105,885,852,786,66,33,220,51,810,45427,4
"Block Group 1, Census Tract 454.28, Virginia Beach city, Virginia",518100454281,1217,442,424,409,15,18,775,51,810,45428,1
"Block Group 2, Census Tract 454.29, Virginia Beach city, Virginia",518100454292,1772,1379,1148,1132,16,231,393,51,810,45429,2
"Block Group 1, Census Tract 454.30, Virginia Beach city, Virginia",518100454301,1114,870,860,860,0,10,244,51,810,45430,1
"Block Group 3, Census Tract 454.30, Virginia Beach city, Virginia",518100454303,1074,949,781,781,0,168,125,51,810,45430,3
"Block Group 1, Census Tract 454.31, Virginia Beach city, Virginia",518100454311,1584,1158,1067,1067,0,91,426,51,810,45431,1
"Block Group 1, Census Tract 454.32, Virginia Beach city, Virginia",518100454321,1464,958,882,796,86,76,506,51,810,45432,1
"Block Group 2, Census Tract 454.32, Virginia Beach city, Virginia",518100454322,882,781,736,736,0,45,101,51,810,45432,2
"Block Group 1, Census Tract 454.33, Virginia Beach city, Virginia",518100454331,1735,1395,1337,1252,85,58,340,51,810,45433,1
"Block Group 2, Census Tract 454.33, Virginia Beach city, Virginia",518100454332,1873,567,499,472,27,68,1306,51,810,45433,2
"Block Group 2, Census Tract 454.34, Virginia Beach city, Virginia",518100454342,1897,737,737,737,0,0,1160,51,810,45434,2
"Block Group 1, Census Tract 456.01, Virginia Beach city, Virginia",518100456011,577,276,276,238,38,0,301,51,810,45601,1
"Block Group 1, Census Tract 456.03, Virginia Beach city, Virginia",518100456031,574,462,459,426,33,3,112,51,810,45603,1
"Block Group 2, Census Tract 456.03, Virginia Beach city, Virginia",518100456032,977,783,702,671,31,81,194,51,810,45603,2
"Block Group 2, Census Tract 456.05, Virginia Beach city, Virginia",518100456052,814,661,633,621,12,28,153,51,810,45605,2
"Block Group 1, Census Tract 456.06, Virginia Beach city, Virginia",518100456061,1110,934,934,924,10,0,176,51,810,45606,1
"Block Group 3, Census Tract 456.06, Virginia Beach city, Virginia",518100456063,1243,1100,872,791,81,228,143,51,810,45606,3
"Block Group 1, Census Tract 458.01, Virginia Beach city, Virginia",518100458011,1790,1115,1050,1006,44,65,675,51,810,45801,1
"Block Group 1, Census Tract 1035.03, Arlington County, Virginia",510131035031,1754,1418,1326,1183,143,92,336,51,13,103503,1
"Block Group 2, Census Tract 1035.03, Arlington County, Virginia",510131035032,1340,1224,1186,1169,17,38,116,51,13,103503,2
"Block Group 4, Census Tract 1035.03, Arlington County, Virginia",510131035034,177,177,177,177,0,0,0,51,13,103503,4
"Block Group 5, Census Tract 1035.03, Arlington County, Virginia",510131035035,622,374,356,328,28,18,248,51,13,103503,5
"Block Group 2, Census Tract 1035.04, Arlington County, Virginia",510131035042,1607,1468,1437,1437,0,31,139,51,13,103504,2
"Block Group 1, Census Tract 1035.05, Arlington County, Virginia",510131035051,769,513,513,513,0,0,256,51,13,103505,1
"Block Group 3, Census Tract 1035.05, Arlington County, Virginia",510131035053,1063,900,861,767,94,39,163,51,13,103505,3
"Block Group 4, Census Tract 1035.05, Arlington County, Virginia",510131035054,0,0,0,0,0,0,0,51,13,103505,4
"Block Group 2, Census Tract 1036.01, Arlington County, Virginia",510131036012,557,466,466,443,23,0,91,51,13,103601,2
"Block Group 3, Census Tract 1036.01, Arlington County, Virginia",510131036013,853,551,515,515,0,36,302,51,13,103601,3
"Block Group 2, Census Tract 1036.02, Arlington County, Virginia",510131036022,601,471,453,428,25,18,130,51,13,103602,2
"Block Group 1, Census Tract 1037, Arlington County, Virginia",510131037001,727,491,472,468,4,19,236,51,13,103700,1
"Block Group 1, Census Tract 1038, Arlington County, Virginia",510131038001,687,619,619,593,26,0,68,51,13,103800,1
"Block Group 2, Census Tract 1038, Arlington County, Virginia",510131038002,819,760,728,728,0,32,59,51,13,103800,2
"Block Group 4, Census Tract 1038, Arlington County, Virginia",510131038004,1554,1294,1228,1135,93,66,260,51,13,103800,4
"Block Group 1, Census Tract 9801, Arlington County, Virginia",510139801001,0,0,0,0,0,0,0,51,13,980100,1
"Block Group 1, Census Tract 701, Augusta County, Virginia",510150701001,2729,477,477,451,26,0,2252,51,15,70100,1
"Block Group 2, Census Tract 701, Augusta County, Virginia",510150701002,520,211,211,197,14,0,309,51,15,70100,2
"Block Group 4, Census Tract 701, Augusta County, Virginia",510150701004,756,14,14,14,0,0,742,51,15,70100,4
"Block Group 1, Census Tract 702, Augusta County, Virginia",510150702001,1244,899,899,893,6,0,345,51,15,70200,1
"Block Group 2, Census Tract 702, Augusta County, Virginia",510150702002,825,564,545,538,7,19,261,51,15,70200,2
"Block Group 3, Census Tract 702, Augusta County, Virginia",510150702003,855,610,610,610,0,0,245,51,15,70200,3
"Block Group 1, Census Tract 703, Augusta County, Virginia",510150703001,1814,1193,1172,1156,16,21,621,51,15,70300,1
"Block Group 3, Census Tract 703, Augusta County, Virginia",510150703003,210,104,104,104,0,0,106,51,15,70300,3
"Block Group 4, Census Tract 703, Augusta County, Virginia",510150703004,1538,1029,1029,1017,12,0,509,51,15,70300,4
"Block Group 1, Census Tract 704, Augusta County, Virginia",510150704001,1717,1078,1078,979,99,0,639,51,15,70400,1
"Block Group 2, Census Tract 704, Augusta County, Virginia",510150704002,1503,898,898,868,30,0,605,51,15,70400,2
"Block Group 3, Census Tract 704, Augusta County, Virginia",510150704003,1161,683,683,616,67,0,478,51,15,70400,3
"Block Group 1, Census Tract 705, Augusta County, Virginia",510150705001,686,431,431,418,13,0,255,51,15,70500,1
"Block Group 2, Census Tract 705, Augusta County, Virginia",510150705002,1201,656,656,629,27,0,545,51,15,70500,2
"Block Group 3, Census Tract 705, Augusta County, Virginia",510150705003,1358,877,877,877,0,0,481,51,15,70500,3
"Block Group 4, Census Tract 705, Augusta County, Virginia",510150705004,993,781,781,772,9,0,212,51,15,70500,4
"Block Group 1, Census Tract 706.01, Augusta County, Virginia",510150706011,1146,473,473,393,80,0,673,51,15,70601,1
"Block Group 1, Census Tract 706.02, Augusta County, Virginia",510150706021,1074,405,405,405,0,0,669,51,15,70602,1
"Block Group 2, Census Tract 706.02, Augusta County, Virginia",510150706022,1616,998,998,975,23,0,618,51,15,70602,2
"Block Group 2, Census Tract 706.03, Augusta County, Virginia",510150706032,1467,954,954,942,12,0,513,51,15,70603,2
"Block Group 1, Census Tract 707.01, Augusta County, Virginia",510150707011,1049,717,717,717,0,0,332,51,15,70701,1
"Block Group 3, Census Tract 707.01, Augusta County, Virginia",510150707013,1637,573,573,509,64,0,1064,51,15,70701,3
"Block Group 1, Census Tract 707.02, Augusta County, Virginia",510150707021,803,557,557,543,14,0,246,51,15,70702,1
"Block Group 1, Census Tract 708.01, Augusta County, Virginia",510150708011,1165,761,761,701,60,0,404,51,15,70801,1
"Block Group 2, Census Tract 708.01, Augusta County, Virginia",510150708012,890,372,372,346,26,0,518,51,15,70801,2
"Block Group 2, Census Tract 4518, Fairfax County, Virginia",510594518002,1627,1031,1024,976,48,7,596,51,59,451800,2
"Block Group 2, Census Tract 4519, Fairfax County, Virginia",510594519002,1851,1303,1238,1159,79,65,548,51,59,451900,2
"Block Group 1, Census Tract 4520, Fairfax County, Virginia",510594520001,2516,1672,1641,1623,18,31,844,51,59,452000,1
"Block Group 1, Census Tract 4521.01, Fairfax County, Virginia",510594521011,968,619,619,619,0,0,349,51,59,452101,1
"Block Group 3, Census Tract 4521.01, Fairfax County, Virginia",510594521013,1994,1473,1473,1435,38,0,521,51,59,452101,3
"Block Group 1, Census Tract 4521.02, Fairfax County, Virginia",510594521021,1022,734,734,717,17,0,288,51,59,452102,1
"Block Group 2, Census Tract 4521.02, Fairfax County, Virginia",510594521022,1727,939,920,842,78,19,788,51,59,452102,2
"Block Group 1, Census Tract 4522, Fairfax County, Virginia",510594522001,1636,1415,1415,1273,142,0,221,51,59,452200,1
"Block Group 2, Census Tract 4522, Fairfax County, Virginia",510594522002,1556,1060,1060,988,72,0,496,51,59,452200,2
"Block Group 3, Census Tract 4522, Fairfax County, Virginia",510594522003,817,487,459,438,21,28,330,51,59,452200,3
"Block Group 4, Census Tract 4522, Fairfax County, Virginia",510594522004,942,834,808,808,0,26,108,51,59,452200,4
"Block Group 1, Census Tract 4523.01, Fairfax County, Virginia",510594523011,1992,1138,1138,1097,41,0,854,51,59,452301,1
"Block Group 2, Census Tract 4523.01, Fairfax County, Virginia",510594523012,942,702,702,702,0,0,240,51,59,452301,2
"Block Group 1, Census Tract 4523.02, Fairfax County, Virginia",510594523021,1952,1335,1335,1293,42,0,617,51,59,452302,1
"Block Group 2, Census Tract 4523.02, Fairfax County, Virginia",510594523022,1810,1412,1412,1302,110,0,398,51,59,452302,2
"Block Group 1, Census Tract 4524, Fairfax County, Virginia",510594524001,1312,978,953,953,0,25,334,51,59,452400,1
"Block Group 2, Census Tract 4524, Fairfax County, Virginia",510594524002,1032,844,814,751,63,30,188,51,59,452400,2
"Block Group 3, Census Tract 4524, Fairfax County, Virginia",510594524003,833,705,705,631,74,0,128,51,59,452400,3
"Block Group 5, Census Tract 4524, Fairfax County, Virginia",510594524005,1088,773,773,767,6,0,315,51,59,452400,5
"Block Group 1, Census Tract 4525.01, Fairfax County, Virginia",510594525011,1197,709,709,653,56,0,488,51,59,452501,1
"Block Group 3, Census Tract 4525.01, Fairfax County, Virginia",510594525013,716,519,519,508,11,0,197,51,59,452501,3
"Block Group 1, Census Tract 4525.02, Fairfax County, Virginia",510594525021,715,508,508,500,8,0,207,51,59,452502,1
"Block Group 3, Census Tract 4525.02, Fairfax County, Virginia",510594525023,1311,1124,1124,1118,6,0,187,51,59,452502,3
"Block Group 1, Census Tract 4526, Fairfax County, Virginia",510594526001,2143,1639,1371,1371,0,268,504,51,59,452600,1
"Block Group 3, Census Tract 4526, Fairfax County, Virginia",510594526003,1670,1414,1414,1285,129,0,256,51,59,452600,3
"Block Group 4, Census Tract 4526, Fairfax County, Virginia",510594526004,1346,1116,1071,1071,0,45,230,51,59,452600,4
"Block Group 2, Census Tract 4527, Fairfax County, Virginia",510594527002,1884,1355,1355,1291,64,0,529,51,59,452700,2
"Block Group 3, Census Tract 4527, Fairfax County, Virginia",510594527003,585,328,328,292,36,0,257,51,59,452700,3
"Block Group 2, Census Tract 4528.01, Fairfax County, Virginia",510594528012,1773,1318,1318,1230,88,0,455,51,59,452801,2
"Block Group 3, Census Tract 4528.01, Fairfax County, Virginia",510594528013,1098,774,774,731,43,0,324,51,59,452801,3
"Block Group 1, Census Tract 4528.02, Fairfax County, Virginia",510594528021,1213,745,745,739,6,0,468,51,59,452802,1
"Block Group 2, Census Tract 4528.02, Fairfax County, Virginia",510594528022,1351,860,860,832,28,0,491,51,59,452802,2
"Block Group 2, Census Tract 4601, Fairfax County, Virginia",510594601002,1444,727,727,692,35,0,717,51,59,460100,2
"Block Group 3, Census Tract 4601, Fairfax County, Virginia",510594601003,906,648,648,598,50,0,258,51,59,460100,3
"Block Group 2, Census Tract 4602, Fairfax County, Virginia",510594602002,1598,1014,1014,1006,8,0,584,51,59,460200,2
"Block Group 1, Census Tract 4603, Fairfax County, Virginia",510594603001,500,292,285,274,11,7,208,51,59,460300,1
"Block Group 1, Census Tract 4604, Fairfax County, Virginia",510594604001,1207,741,708,669,39,33,466,51,59,460400,1
"Block Group 3, Census Tract 4604, Fairfax County, Virginia",510594604003,1038,744,744,744,0,0,294,51,59,460400,3
"Block Group 1, Census Tract 4605.01, Fairfax County, Virginia",510594605011,2135,1250,1223,1190,33,27,885,51,59,460501,1
"Block Group 2, Census Tract 4605.03, Fairfax County, Virginia",510594605032,1816,1130,1130,1063,67,0,686,51,59,460503,2
"Block Group 1, Census Tract 4605.04, Fairfax County, Virginia",510594605041,1218,872,872,824,48,0,346,51,59,460504,1
"Block Group 1, Census Tract 2008.02, Henrico County, Virginia",510872008021,817,600,585,530,55,15,217,51,87,200802,1
"Block Group 2, Census Tract 2008.02, Henrico County, Virginia",510872008022,720,493,481,445,36,12,227,51,87,200802,2
"Block Group 2, Census Tract 2008.05, Henrico County, Virginia",510872008052,1085,715,715,692,23,0,370,51,87,200805,2
"Block Group 3, Census Tract 2008.05, Henrico County, Virginia",510872008053,436,379,379,188,191,0,57,51,87,200805,3
"Block Group 1, Census Tract 2008.06, Henrico County, Virginia",510872008061,2276,1622,1622,1365,257,0,654,51,87,200806,1
"Block Group 1, Census Tract 2008.07, Henrico County, Virginia",510872008071,547,406,370,370,0,36,141,51,87,200807,1
"Block Group 3, Census Tract 2008.07, Henrico County, Virginia",510872008073,933,581,581,453,128,0,352,51,87,200807,3
"Block Group 4, Census Tract 2008.07, Henrico County, Virginia",510872008074,1644,1206,1206,1171,35,0,438,51,87,200807,4
"Block Group 2, Census Tract 2009.04, Henrico County, Virginia",510872009042,2201,1323,1323,1205,118,0,878,51,87,200904,2
"Block Group 3, Census Tract 2009.04, Henrico County, Virginia",510872009043,960,603,603,557,46,0,357,51,87,200904,3
"Block Group 1, Census Tract 2009.05, Henrico County, Virginia",510872009051,554,472,472,472,0,0,82,51,87,200905,1
"Block Group 2, Census Tract 2009.05, Henrico County, Virginia",510872009052,1273,1086,1086,1067,19,0,187,51,87,200905,2
"Block Group 4, Census Tract 2009.05, Henrico County, Virginia",510872009054,1611,1343,1343,1331,12,0,268,51,87,200905,4
"Block Group 1, Census Tract 2009.06, Henrico County, Virginia",510872009061,1713,1330,1330,1296,34,0,383,51,87,200906,1
"Block Group 1, Census Tract 2009.07, Henrico County, Virginia",510872009071,530,335,335,335,0,0,195,51,87,200907,1
"Block Group 2, Census Tract 2009.07, Henrico County, Virginia",510872009072,346,295,295,286,9,0,51,51,87,200907,2
"Block Group 1, Census Tract 2009.08, Henrico County, Virginia",510872009081,1201,816,816,816,0,0,385,51,87,200908,1
"Block Group 2, Census Tract 2009.08, Henrico County, Virginia",510872009082,1233,884,884,873,11,0,349,51,87,200908,2
"Block Group 2, Census Tract 2010.01, Henrico County, Virginia",510872010012,1962,1610,1610,1594,16,0,352,51,87,201001,2
"Block Group 1, Census Tract 2010.02, Henrico County, Virginia",510872010021,1117,757,757,710,47,0,360,51,87,201002,1
"Block Group 2, Census Tract 2010.02, Henrico County, Virginia",510872010022,655,552,552,476,76,0,103,51,87,201002,2
"Block Group 1, Census Tract 2010.03, Henrico County, Virginia",510872010031,2593,1955,1955,1803,152,0,638,51,87,201003,1
"Block Group 3, Census Tract 2010.03, Henrico County, Virginia",510872010033,651,493,493,473,20,0,158,51,87,201003,3
"Block Group 1, Census Tract 2011.02, Henrico County, Virginia",510872011021,982,534,534,534,0,0,448,51,87,201102,1
"Block Group 3, Census Tract 2011.02, Henrico County, Virginia",510872011023,591,409,409,389,20,0,182,51,87,201102,3
"Block Group 4, Census Tract 2011.02, Henrico County, Virginia",510872011024,683,525,525,525,0,0,158,51,87,201102,4
"Block Group 1, Census Tract 2011.03, Henrico County, Virginia",510872011031,785,611,611,595,16,0,174,51,87,201103,1
"Block Group 2, Census Tract 2011.03, Henrico County, Virginia",510872011032,1687,1007,1007,968,39,0,680,51,87,201103,2
"Block Group 1, Census Tract 2011.04, Henrico County, Virginia",510872011041,2041,1169,1169,1098,71,0,872,51,87,201104,1
"Block Group 2, Census Tract 2011.04, Henrico County, Virginia",510872011042,956,327,327,317,10,0,629,51,87,201104,2
"Block Group 1, Census Tract 2012.03, Henrico County, Virginia",510872012031,463,104,104,104,0,0,359,51,87,201203,1
"Block Group 2, Census Tract 2012.03, Henrico County, Virginia",510872012032,1360,1195,1195,1195,0,0,165,51,87,201203,2
"Block Group 1, Census Tract 2012.04, Henrico County, Virginia",510872012041,1635,970,970,970,0,0,665,51,87,201204,1
"Block Group 2, Census Tract 2012.04, Henrico County, Virginia",510872012042,724,519,519,457,62,0,205,51,87,201204,2
"Block Group 3, Census Tract 2012.04, Henrico County, Virginia",510872012043,882,669,669,598,71,0,213,51,87,201204,3
"Block Group 1, Census Tract 2012.05, Henrico County, Virginia",510872012051,1304,849,849,797,52,0,455,51,87,201205,1
"Block Group 2, Census Tract 2012.05, Henrico County, Virginia",510872012052,678,530,530,519,11,0,148,51,87,201205,2
"Block Group 3, Census Tract 2012.05, Henrico County, Virginia",510872012053,785,473,473,473,0,0,312,51,87,201205,3
"Block Group 1, Census Tract 2012.06, Henrico County, Virginia",510872012061,825,622,622,568,54,0,203,51,87,201206,1
"Block Group 1, Census Tract 2014.03, Henrico County, Virginia",510872014031,348,183,183,183,0,0,165,51,87,201403,1
"Block Group 2, Census Tract 2014.03, Henrico County, Virginia",510872014032,684,329,329,288,41,0,355,51,87,201403,2
"Block Group 1, Census Tract 9004.10, Prince William County, Virginia",511539004101,1820,1438,1429,1362,67,9,382,51,153,900410,1
"Block Group 3, Census Tract 9004.10, Prince William County, Virginia",511539004103,1960,1623,1610,1556,54,13,337,51,153,900410,3
"Block Group 1, Census Tract 9005.02, Prince William County, Virginia",511539005021,411,323,315,288,27,8,88,51,153,900502,1
"Block Group 3, Census Tract 9005.02, Prince William County, Virginia",511539005023,1212,925,854,854,0,71,287,51,153,900502,3
"Block Group 4, Census Tract 9005.02, Prince William County, Virginia",511539005024,1293,1150,1042,1042,0,108,143,51,153,900502,4
"Block Group 1, Census Tract 9005.03, Prince William County, Virginia",511539005031,2287,1959,1911,1671,240,48,328,51,153,900503,1
"Block Group 1, Census Tract 9005.04, Prince William County, Virginia",511539005041,2337,1620,1620,1334,286,0,717,51,153,900504,1
"Block Group 2, Census Tract 9005.04, Prince William County, Virginia",511539005042,838,605,605,548,57,0,233,51,153,900504,2
"Block Group 1, Census Tract 9006.01, Prince William County, Virginia",511539006011,959,910,910,901,9,0,49,51,153,900601,1
"Block Group 2, Census Tract 9006.01, Prince William County, Virginia",511539006012,1391,932,932,890,42,0,459,51,153,900601,2
"Block Group 1, Census Tract 9006.02, Prince William County, Virginia",511539006021,1118,727,727,650,77,0,391,51,153,900602,1
"Block Group 2, Census Tract 9006.02, Prince William County, Virginia",511539006022,992,891,865,865,0,26,101,51,153,900602,2
"Block Group 3, Census Tract 9006.02, Prince William County, Virginia",511539006023,922,753,753,653,100,0,169,51,153,900602,3
"Block Group 1, Census Tract 9007.01, Prince William County, Virginia",511539007011,1110,932,918,918,0,14,178,51,153,900701,1
"Block Group 2, Census Tract 9007.01, Prince William County, Virginia",511539007012,863,637,637,562,75,0,226,51,153,900701,2
"Block Group 3, Census Tract 9007.01, Prince William County, Virginia",511539007013,1333,1140,1117,1056,61,23,193,51,153,900701,3
"Block Group 4, Census Tract 9007.01, Prince William County, Virginia",511539007014,646,555,555,555,0,0,91,51,153,900701,4
"Block Group 5, Census Tract 9007.01, Prince William County, Virginia",511539007015,1118,1058,1012,1012,0,46,60,51,153,900701,5
"Block Group 1, Census Tract 9007.02, Prince William County, Virginia",511539007021,1393,1020,1020,827,193,0,373,51,153,900702,1
"Block Group 2, Census Tract 9007.02, Prince William County, Virginia",511539007022,1293,737,737,708,29,0,556,51,153,900702,2
"Block Group 3, Census Tract 9007.02, Prince William County, Virginia",511539007023,1029,839,756,706,50,83,190,51,153,900702,3
"Block Group 4, Census Tract 9007.02, Prince William County, Virginia",511539007024,1157,899,891,831,60,8,258,51,153,900702,4
"Block Group 5, Census Tract 9007.02, Prince William County, Virginia",511539007025,1256,1067,1067,1047,20,0,189,51,153,900702,5
"Block Group 1, Census Tract 9008.01, Prince William County, Virginia",511539008011,800,705,705,668,37,0,95,51,153,900801,1
"Block Group 2, Census Tract 9008.01, Prince William County, Virginia",511539008012,2120,1509,1486,1420,66,23,611,51,153,900801,2
"Block Group 4, Census Tract 9008.01, Prince William County, Virginia",511539008014,1212,927,903,728,175,24,285,51,153,900801,4
"Block Group 1, Census Tract 9008.03, Prince William County, Virginia",511539008031,1264,913,913,913,0,0,351,51,153,900803,1
"Block Group 3, Census Tract 9008.03, Prince William County, Virginia",511539008033,1260,1069,1003,969,34,66,191,51,153,900803,3
"Block Group 1, Census Tract 9008.04, Prince William County, Virginia",511539008041,2809,2162,2116,2032,84,46,647,51,153,900804,1
"Block Group 1, Census Tract 9009.01, Prince William County, Virginia",511539009011,1468,1158,1158,1068,90,0,310,51,153,900901,1
"Block Group 2, Census Tract 9009.01, Prince William County, Virginia",511539009012,1017,809,809,778,31,0,208,51,153,900901,2
"Block Group 4, Census Tract 9009.01, Prince William County, Virginia",511539009014,453,301,301,245,56,0,152,51,153,900901,4
"Block Group 1, Census Tract 9009.04, Prince William County, Virginia",511539009041,1292,822,799,773,26,23,470,51,153,900904,1
"Block Group 3, Census Tract 9009.04, Prince William County, Virginia",511539009043,1979,1301,1291,1116,175,10,678,51,153,900904,3
"Block Group 4, Census Tract 9009.04, Prince William County, Virginia",511539009044,383,377,364,358,6,13,6,51,153,900904,4
"Block Group 2, Census Tract 9009.05, Prince William County, Virginia",511539009052,2231,1537,1484,1331,153,53,694,51,153,900905,2
"Block Group 3, Census Tract 9009.05, Prince William County, Virginia",511539009053,1371,862,823,823,0,39,509,51,153,900905,3
"Block Group 2, Census Tract 9010.05, Prince William County, Virginia",511539010052,1897,1374,1333,1213,120,41,523,51,153,901005,2
"Block Group 1, Census Tract 9010.09, Prince William County, Virginia",511539010091,1550,1094,1039,1007,32,55,456,51,153,901009,1
"Block Group 2, Census Tract 9317, Wise County, Virginia",511959317002,496,217,217,175,42,0,279,51,195,931700,2
"Block Group 1, Census Tract 501.01, Wythe County, Virginia",511970501011,968,487,487,449,38,0,481,51,197,50101,1
"Block Group 2, Census Tract 501.01, Wythe County, Virginia",511970501012,820,528,528,511,17,0,292,51,197,50101,2
"Block Group 3, Census Tract 501.01, Wythe County, Virginia",511970501013,789,416,416,369,47,0,373,51,197,50101,3
"Block Group 1, Census Tract 501.02, Wythe County, Virginia",511970501021,1316,972,972,972,0,0,344,51,197,50102,1
"Block Group 2, Census Tract 501.02, Wythe County, Virginia",511970501022,539,321,321,321,0,0,218,51,197,50102,2
"Block Group 1, Census Tract 502.01, Wythe County, Virginia",511970502011,735,404,404,385,19,0,331,51,197,50201,1
"Block Group 2, Census Tract 502.01, Wythe County, Virginia",511970502012,652,513,513,513,0,0,139,51,197,50201,2
"Block Group 3, Census Tract 502.01, Wythe County, Virginia",511970502013,979,476,476,476,0,0,503,51,197,50201,3
"Block Group 1, Census Tract 502.02, Wythe County, Virginia",511970502021,1192,725,725,710,15,0,467,51,197,50202,1
"Block Group 2, Census Tract 502.02, Wythe County, Virginia",511970502022,1720,808,808,783,25,0,912,51,197,50202,2
"Block Group 2, Census Tract 503.01, Wythe County, Virginia",511970503012,1069,609,609,581,28,0,460,51,197,50301,2
"Block Group 3, Census Tract 503.01, Wythe County, Virginia",511970503013,467,345,345,335,10,0,122,51,197,50301,3
"Block Group 5, Census Tract 503.01, Wythe County, Virginia",511970503015,329,191,191,175,16,0,138,51,197,50301,5
"Block Group 2, Census Tract 503.02, Wythe County, Virginia",511970503022,960,494,494,481,13,0,466,51,197,50302,2
"Block Group 1, Census Tract 504.01, Wythe County, Virginia",511970504011,1271,598,598,565,33,0,673,51,197,50401,1
"Block Group 3, Census Tract 504.01, Wythe County, Virginia",511970504013,953,602,602,560,42,0,351,51,197,50401,3
"Block Group 1, Census Tract 504.02, Wythe County, Virginia",511970504021,1187,656,656,656,0,0,531,51,197,50402,1
"Block Group 3, Census Tract 504.02, Wythe County, Virginia",511970504023,1007,719,719,667,52,0,288,51,197,50402,3
"Block Group 4, Census Tract 504.02, Wythe County, Virginia",511970504024,1499,951,951,871,80,0,548,51,197,50402,4
"Block Group 2, Census Tract 502.03, York County, Virginia",511990502032,1370,922,777,745,32,145,448,51,199,50203,2
"Block Group 3, Census Tract 502.03, York County, Virginia",511990502033,2289,1511,1344,1331,13,167,778,51,199,50203,3
"Block Group 2, Census Tract 502.05, York County, Virginia",511990502052,1453,887,859,827,32,28,566,51,199,50205,2
"Block Group 2, Census Tract 502.06, York County, Virginia",511990502062,973,626,572,572,0,54,347,51,199,50206,2
"Block Group 3, Census Tract 502.06, York County, Virginia",511990502063,1808,1052,943,879,64,109,756,51,199,50206,3
"Block Group 1, Census Tract 502.07, York County, Virginia",511990502071,339,129,102,102,0,27,210,51,199,50207,1
"Block Group 2, Census Tract 502.07, York County, Virginia",511990502072,611,454,258,258,0,196,157,51,199,50207,2
"Block Group 4, Census Tract 502.07, York County, Virginia",511990502074,722,548,393,345,48,155,174,51,199,50207,4
"Block Group 1, Census Tract 502.08, York County, Virginia",511990502081,1430,1192,1044,1016,28,148,238,51,199,50208,1
"Block Group 2, Census Tract 503.03, York County, Virginia",511990503032,1892,1142,945,878,67,197,750,51,199,50303,2
"Block Group 3, Census Tract 503.03, York County, Virginia",511990503033,977,485,485,485,0,0,492,51,199,50303,3
"Block Group 2, Census Tract 503.04, York County, Virginia",511990503042,565,423,405,382,23,18,142,51,199,50304,2
"Block Group 1, Census Tract 503.05, York County, Virginia",511990503051,2573,1700,1540,1482,58,160,873,51,199,50305,1
"Block Group 1, Census Tract 503.06, York County, Virginia",511990503061,1276,709,623,543,80,86,567,51,199,50306,1
"Block Group 3, Census Tract 503.06, York County, Virginia",511990503063,2031,840,805,783,22,35,1191,51,199,50306,3
"Block Group 1, Census Tract 504.01, York County, Virginia",511990504011,1785,1137,1095,1095,0,42,648,51,199,50401,1
"Block Group 1, Census Tract 504.02, York County, Virginia",511990504021,1280,895,895,877,18,0,385,51,199,50402,1
"Block Group 2, Census Tract 504.02, York County, Virginia",511990504022,1175,823,823,733,90,0,352,51,199,50402,2
"Block Group 1, Census Tract 505, York County, Virginia",511990505001,855,590,561,535,26,29,265,51,199,50500,1
"Block Group 2, Census Tract 505, York County, Virginia",511990505002,1234,1098,179,179,0,919,136,51,199,50500,2
"Block Group 3, Census Tract 505, York County, Virginia",511990505003,1590,1340,1048,1001,47,292,250,51,199,50500,3
"Block Group 3, Census Tract 322.12, Newport News city, Virginia",517000322123,755,587,542,459,83,45,168,51,700,32212,3
"Block Group 1, Census Tract 322.23, Newport News city, Virginia",517000322231,1099,850,723,692,31,127,249,51,700,32223,1
"Block Group 3, Census Tract 322.23, Newport News city, Virginia",517000322233,1366,670,631,596,35,39,696,51,700,32223,3
"Block Group 1, Census Tract 322.25, Newport News city, Virginia",517000322251,257,208,208,199,9,0,49,51,700,32225,1
"Block Group 3, Census Tract 322.25, Newport News city, Virginia",517000322253,1930,1304,1304,1302,2,0,626,51,700,32225,3
"Block Group 1, Census Tract 322.26, Newport News city, Virginia",517000322261,792,610,537,502,35,73,182,51,700,32226,1
"Block Group 3, Census Tract 322.26, Newport News city, Virginia",517000322263,1004,700,687,658,29,13,304,51,700,32226,3
"Block Group 1, Census Tract 322.27, Newport News city, Virginia",517000322271,1187,712,698,628,70,14,475,51,700,32227,1
"Block Group 3, Census Tract 322.27, Newport News city, Virginia",517000322273,1185,726,628,604,24,98,459,51,700,32227,3
"Block Group 1, Census Tract 322.28, Newport News city, Virginia",517000322281,1090,531,479,449,30,52,559,51,700,32228,1
"Block Group 1, Census Tract 323, Newport News city, Virginia",517000323001,0,0,0,0,0,0,0,51,700,32300,1
"Block Group 2, Census Tract 323, Newport News city, Virginia",517000323002,285,260,43,38,5,217,25,51,700,32300,2
"Block Group 4, Census Tract 323, Newport News city, Virginia",517000323004,3337,3337,35,35,0,3302,0,51,700,32300,4
"Block Group 5, Census Tract 323, Newport News city, Virginia",517000323005,479,336,167,112,55,169,143,51,700,32300,5
"Block Group 2, Census Tract 324, Newport News city, Virginia",517000324002,0,0,0,0,0,0,0,51,700,32400,2
"Block Group 3, Census Tract 324, Newport News city, Virginia",517000324003,1398,815,739,719,20,76,583,51,700,32400,3
"Block Group 2, Census Tract 1, Norfolk city, Virginia",517100001002,1052,768,669,631,38,99,284,51,710,100,2
"Block Group 1, Census Tract 2.01, Norfolk city, Virginia",517100002011,1505,1101,795,763,32,306,404,51,710,201,1
"Block Group 1, Census Tract 2.02, Norfolk city, Virginia",517100002021,686,521,489,479,10,32,165,51,710,202,1
"Block Group 2, Census Tract 2.02, Norfolk city, Virginia",517100002022,709,494,472,453,19,22,215,51,710,202,2
"Block Group 4, Census Tract 2.02, Norfolk city, Virginia",517100002024,1068,869,692,645,47,177,199,51,710,202,4
"Block Group 1, Census Tract 3, Norfolk city, Virginia",517100003001,970,569,511,490,21,58,401,51,710,300,1
"Block Group 2, Census Tract 3, Norfolk city, Virginia",517100003002,617,531,505,467,38,26,86,51,710,300,2
"Block Group 3, Census Tract 3, Norfolk city, Virginia",517100003003,813,559,531,495,36,28,254,51,710,300,3
"Block Group 1, Census Tract 4, Norfolk city, Virginia",517100004001,942,790,779,746,33,11,152,51,710,400,1
"Block Group 2, Census Tract 4, Norfolk city, Virginia",517100004002,636,430,400,372,28,30,206,51,710,400,2
"Block Group 3, Census Tract 4, Norfolk city, Virginia",517100004003,1425,1057,856,828,28,201,368,51,710,400,3
"Block Group 1, Census Tract 5, Norfolk city, Virginia",517100005001,584,444,405,397,8,39,140,51,710,500,1
"Block Group 2, Census Tract 5, Norfolk city, Virginia",517100005002,1257,952,585,570,15,367,305,51,710,500,2
"Block Group 4, Census Tract 5, Norfolk city, Virginia",517100005004,522,401,376,340,36,25,121,51,710,500,4
"Block Group 1, Census Tract 6, Norfolk city, Virginia",517100006001,707,550,507,479,28,43,157,51,710,600,1
"Block Group 2, Census Tract 6, Norfolk city, Virginia",517100006002,888,681,681,665,16,0,207,51,710,600,2
"Block Group 3, Census Tract 6, Norfolk city, Virginia",517100006003,1019,801,773,727,46,28,218,51,710,600,3
"Block Group 4, Census Tract 6, Norfolk city, Virginia",517100006004,988,677,579,567,12,98,311,51,710,600,4
"Block Group 2, Census Tract 7, Norfolk city, Virginia",517100007002,1477,1184,952,928,24,232,293,51,710,700,2
"Block Group 1, Census Tract 8, Norfolk city, Virginia",517100008001,855,591,486,434,52,105,264,51,710,800,1
"Block Group 1, Census Tract 9.01, Norfolk city, Virginia",517100009011,1312,1178,167,167,0,1011,134,51,710,901,1
"Block Group 3, Census Tract 9.01, Norfolk city, Virginia",517100009013,338,173,46,46,0,127,165,51,710,901,3
"Block Group 4, Census Tract 9.01, Norfolk city, Virginia",517100009014,641,471,251,251,0,220,170,51,710,901,4
"Block Group 1, Census Tract 9.02, Norfolk city, Virginia",517100009021,15203,14895,352,260,92,14543,308,51,710,902,1
"Block Group 1, Census Tract 11, Norfolk city, Virginia",517100011001,1359,1253,649,542,107,604,106,51,710,1100,1
"Block Group 3, Census Tract 458.01, Virginia Beach city, Virginia",518100458013,1126,763,640,601,39,123,363,51,810,45801,3
"Block Group 1, Census Tract 458.03, Virginia Beach city, Virginia",518100458031,1478,1242,1092,1092,0,150,236,51,810,45803,1
"Block Group 1, Census Tract 458.06, Virginia Beach city, Virginia",518100458061,1448,902,852,804,48,50,546,51,810,45806,1
"Block Group 3, Census Tract 458.06, Virginia Beach city, Virginia",518100458063,927,601,562,511,51,39,326,51,810,45806,3
"Block Group 1, Census Tract 458.07, Virginia Beach city, Virginia",518100458071,1298,1015,940,928,12,75,283,51,810,45807,1
"Block Group 2, Census Tract 458.08, Virginia Beach city, Virginia",518100458082,705,611,611,560,51,0,94,51,810,45808,2
"Block Group 1, Census Tract 458.09, Virginia Beach city, Virginia",518100458091,996,781,734,682,52,47,215,51,810,45809,1
"Block Group 2, Census Tract 458.09, Virginia Beach city, Virginia",518100458092,651,511,470,470,0,41,140,51,810,45809,2
"Block Group 3, Census Tract 458.09, Virginia Beach city, Virginia",518100458093,499,271,256,235,21,15,228,51,810,45809,3
"Block Group 4, Census Tract 458.09, Virginia Beach city, Virginia",518100458094,969,815,815,790,25,0,154,51,810,45809,4
"Block Group 5, Census Tract 458.09, Virginia Beach city, Virginia",518100458095,1212,823,650,638,12,173,389,51,810,45809,5
"Block Group 1, Census Tract 458.10, Virginia Beach city, Virginia",518100458101,1967,1353,1214,1105,109,139,614,51,810,45810,1
"Block Group 1, Census Tract 460.02, Virginia Beach city, Virginia",518100460021,1505,1110,1071,1043,28,39,395,51,810,46002,1
"Block Group 2, Census Tract 460.02, Virginia Beach city, Virginia",518100460022,1260,686,686,660,26,0,574,51,810,46002,2
"Block Group 3, Census Tract 460.02, Virginia Beach city, Virginia",518100460023,937,692,670,598,72,22,245,51,810,46002,3
"Block Group 4, Census Tract 460.02, Virginia Beach city, Virginia",518100460024,844,470,458,433,25,12,374,51,810,46002,4
"Block Group 1, Census Tract 460.06, Virginia Beach city, Virginia",518100460061,666,418,403,379,24,15,248,51,810,46006,1
"Block Group 2, Census Tract 460.06, Virginia Beach city, Virginia",518100460062,934,449,401,401,0,48,485,51,810,46006,2
"Block Group 3, Census Tract 460.06, Virginia Beach city, Virginia",518100460063,680,431,414,414,0,17,249,51,810,46006,3
"Block Group 4, Census Tract 460.06, Virginia Beach city, Virginia",518100460064,783,537,529,474,55,8,246,51,810,46006,4
"Block Group 1, Census Tract 460.09, Virginia Beach city, Virginia",518100460091,1005,647,556,546,10,91,358,51,810,46009,1
"Block Group 3, Census Tract 460.09, Virginia Beach city, Virginia",518100460093,632,395,375,375,0,20,237,51,810,46009,3
"Block Group 4, Census Tract 460.09, Virginia Beach city, Virginia",518100460094,1593,964,964,952,12,0,629,51,810,46009,4
"Block Group 2, Census Tract 460.10, Virginia Beach city, Virginia",518100460102,2259,1320,1284,1267,17,36,939,51,810,46010,2
"Block Group 1, Census Tract 460.11, Virginia Beach city, Virginia",518100460111,1544,1082,1037,1025,12,45,462,51,810,46011,1
"Block Group 2, Census Tract 460.13, Virginia Beach city, Virginia",518100460132,1351,1092,1057,1045,12,35,259,51,810,46013,2
"Block Group 3, Census Tract 460.13, Virginia Beach city, Virginia",518100460133,749,442,384,322,62,58,307,51,810,46013,3
"Block Group 2, Census Tract 460.14, Virginia Beach city, Virginia",518100460142,1195,775,702,663,39,73,420,51,810,46014,2
"Block Group 3, Census Tract 460.14, Virginia Beach city, Virginia",518100460143,1179,1000,924,896,28,76,179,51,810,46014,3
"Block Group 2, Census Tract 460.15, Virginia Beach city, Virginia",518100460152,1822,1345,1234,1170,64,111,477,51,810,46015,2
"Block Group 3, Census Tract 460.15, Virginia Beach city, Virginia",518100460153,1418,1112,844,844,0,268,306,51,810,46015,3
"Block Group 1, Census Tract 460.16, Virginia Beach city, Virginia",518100460161,3131,2271,2193,2108,85,78,860,51,810,46016,1
"Block Group 1, Census Tract 460.17, Virginia Beach city, Virginia",518100460171,2207,1619,1430,1342,88,189,588,51,810,46017,1
"Block Group 1, Census Tract 460.18, Virginia Beach city, Virginia",518100460181,822,334,304,304,0,30,488,51,810,46018,1
"Block Group 2, Census Tract 460.18, Virginia Beach city, Virginia",518100460182,442,362,343,343,0,19,80,51,810,46018,2
"Block Group 4, Census Tract 460.18, Virginia Beach city, Virginia",518100460184,626,403,258,236,22,145,223,51,810,46018,4
"Block Group 1, Census Tract 460.19, Virginia Beach city, Virginia",518100460191,1343,781,781,757,24,0,562,51,810,46019,1
"Block Group 1, Census Tract 460.20, Virginia Beach city, Virginia",518100460201,1826,1510,1159,1159,0,351,316,51,810,46020,1
"Block Group 2, Census Tract 460.20, Virginia Beach city, Virginia",518100460202,1854,1312,1200,1168,32,112,542,51,810,46020,2
"Block Group 2, Census Tract 462.04, Virginia Beach city, Virginia",518100462042,1933,1442,1439,1381,58,3,491,51,810,46204,2
"Block Group 2, Census Tract 708.02, Augusta County, Virginia",510150708022,533,335,335,335,0,0,198,51,15,70802,2
"Block Group 3, Census Tract 708.02, Augusta County, Virginia",510150708023,807,548,548,467,81,0,259,51,15,70802,3
"Block Group 1, Census Tract 709, Augusta County, Virginia",510150709001,1235,715,715,715,0,0,520,51,15,70900,1
"Block Group 2, Census Tract 709, Augusta County, Virginia",510150709002,806,466,466,459,7,0,340,51,15,70900,2
"Block Group 4, Census Tract 709, Augusta County, Virginia",510150709004,1705,817,817,817,0,0,888,51,15,70900,4
"Block Group 2, Census Tract 710, Augusta County, Virginia",510150710002,816,540,540,540,0,0,276,51,15,71000,2
"Block Group 3, Census Tract 710, Augusta County, Virginia",510150710003,2062,1280,1280,1268,12,0,782,51,15,71000,3
"Block Group 1, Census Tract 711.01, Augusta County, Virginia",510150711011,571,389,389,389,0,0,182,51,15,71101,1
"Block Group 2, Census Tract 711.01, Augusta County, Virginia",510150711012,1194,787,782,768,14,5,407,51,15,71101,2
"Block Group 4, Census Tract 711.01, Augusta County, Virginia",510150711014,1321,969,963,949,14,6,352,51,15,71101,4
"Block Group 1, Census Tract 711.02, Augusta County, Virginia",510150711021,561,339,337,302,35,2,222,51,15,71102,1
"Block Group 3, Census Tract 711.02, Augusta County, Virginia",510150711023,1448,785,785,785,0,0,663,51,15,71102,3
"Block Group 4, Census Tract 711.02, Augusta County, Virginia",510150711024,2033,1391,1391,1353,38,0,642,51,15,71102,4
"Block Group 2, Census Tract 712.01, Augusta County, Virginia",510150712012,841,531,531,518,13,0,310,51,15,71201,2
"Block Group 1, Census Tract 712.02, Augusta County, Virginia",510150712021,1218,677,677,651,26,0,541,51,15,71202,1
"Block Group 3, Census Tract 712.02, Augusta County, Virginia",510150712023,1000,588,588,564,24,0,412,51,15,71202,3
"Block Group 1, Census Tract 9201.01, Bath County, Virginia",510179201011,443,295,295,295,0,0,148,51,17,920101,1
"Block Group 1, Census Tract 9201.02, Bath County, Virginia",510179201021,756,485,471,395,76,14,271,51,17,920102,1
"Block Group 2, Census Tract 9201.02, Bath County, Virginia",510179201022,863,367,367,367,0,0,496,51,17,920102,2
"Block Group 1, Census Tract 301.01, Bedford County, Virginia",510190301011,863,601,601,601,0,0,262,51,19,30101,1
"Block Group 2, Census Tract 301.01, Bedford County, Virginia",510190301012,1165,556,556,544,12,0,609,51,19,30101,2
"Block Group 3, Census Tract 301.01, Bedford County, Virginia",510190301013,1480,1029,1029,949,80,0,451,51,19,30101,3
"Block Group 4, Census Tract 301.01, Bedford County, Virginia",510190301014,2328,1572,1572,1554,18,0,756,51,19,30101,4
"Block Group 1, Census Tract 301.03, Bedford County, Virginia",510190301031,1728,1111,1111,1102,9,0,617,51,19,30103,1
"Block Group 2, Census Tract 301.03, Bedford County, Virginia",510190301032,1221,796,796,796,0,0,425,51,19,30103,2
"Block Group 3, Census Tract 301.03, Bedford County, Virginia",510190301033,1492,518,518,518,0,0,974,51,19,30103,3
"Block Group 4, Census Tract 301.03, Bedford County, Virginia",510190301034,1575,908,908,850,58,0,667,51,19,30103,4
"Block Group 1, Census Tract 301.04, Bedford County, Virginia",510190301041,1007,671,671,636,35,0,336,51,19,30104,1
"Block Group 2, Census Tract 301.04, Bedford County, Virginia",510190301042,848,642,642,621,21,0,206,51,19,30104,2
"Block Group 3, Census Tract 301.04, Bedford County, Virginia",510190301043,2025,1372,1339,1237,102,33,653,51,19,30104,3
"Block Group 1, Census Tract 302.02, Bedford County, Virginia",510190302021,1380,961,961,920,41,0,419,51,19,30202,1
"Block Group 2, Census Tract 302.02, Bedford County, Virginia",510190302022,1729,1140,1140,1108,32,0,589,51,19,30202,2
"Block Group 3, Census Tract 302.02, Bedford County, Virginia",510190302023,1060,594,594,594,0,0,466,51,19,30202,3
"Block Group 1, Census Tract 302.03, Bedford County, Virginia",510190302031,1332,930,930,915,15,0,402,51,19,30203,1
"Block Group 2, Census Tract 302.03, Bedford County, Virginia",510190302032,2179,1483,1483,1449,34,0,696,51,19,30203,2
"Block Group 2, Census Tract 302.04, Bedford County, Virginia",510190302042,2125,1172,1172,1147,25,0,953,51,19,30204,2
"Block Group 1, Census Tract 303, Bedford County, Virginia",510190303001,1617,973,973,958,15,0,644,51,19,30300,1
"Block Group 1, Census Tract 304.01, Bedford County, Virginia",510190304011,775,415,415,415,0,0,360,51,19,30401,1
"Block Group 2, Census Tract 304.01, Bedford County, Virginia",510190304012,1560,826,826,809,17,0,734,51,19,30401,2
"Block Group 1, Census Tract 304.03, Bedford County, Virginia",510190304031,1115,574,574,509,65,0,541,51,19,30403,1
"Block Group 2, Census Tract 304.03, Bedford County, Virginia",510190304032,800,506,506,479,27,0,294,51,19,30403,2
"Block Group 1, Census Tract 4606, Fairfax County, Virginia",510594606001,1509,1141,1141,1133,8,0,368,51,59,460600,1
"Block Group 2, Census Tract 4606, Fairfax County, Virginia",510594606002,1580,1092,1092,1082,10,0,488,51,59,460600,2
"Block Group 2, Census Tract 4607.01, Fairfax County, Virginia",510594607012,1469,932,923,903,20,9,537,51,59,460701,2
"Block Group 1, Census Tract 4607.02, Fairfax County, Virginia",510594607021,769,598,591,582,9,7,171,51,59,460702,1
"Block Group 3, Census Tract 4607.02, Fairfax County, Virginia",510594607023,1074,694,694,647,47,0,380,51,59,460702,3
"Block Group 1, Census Tract 4608, Fairfax County, Virginia",510594608001,821,519,519,497,22,0,302,51,59,460800,1
"Block Group 1, Census Tract 4609, Fairfax County, Virginia",510594609001,1898,1176,1166,1144,22,10,722,51,59,460900,1
"Block Group 1, Census Tract 4610, Fairfax County, Virginia",510594610001,1850,1292,1278,1256,22,14,558,51,59,461000,1
"Block Group 1, Census Tract 4611, Fairfax County, Virginia",510594611001,1283,865,865,865,0,0,418,51,59,461100,1
"Block Group 2, Census Tract 4611, Fairfax County, Virginia",510594611002,1929,1097,1054,1018,36,43,832,51,59,461100,2
"Block Group 3, Census Tract 4611, Fairfax County, Virginia",510594611003,2062,1386,1386,1290,96,0,676,51,59,461100,3
"Block Group 1, Census Tract 4612.01, Fairfax County, Virginia",510594612011,1217,764,764,762,2,0,453,51,59,461201,1
"Block Group 2, Census Tract 4612.01, Fairfax County, Virginia",510594612012,1414,952,952,942,10,0,462,51,59,461201,2
"Block Group 3, Census Tract 4612.01, Fairfax County, Virginia",510594612013,750,422,422,412,10,0,328,51,59,461201,3
"Block Group 1, Census Tract 4612.02, Fairfax County, Virginia",510594612021,1070,738,738,738,0,0,332,51,59,461202,1
"Block Group 2, Census Tract 4612.02, Fairfax County, Virginia",510594612022,1985,1367,1367,1321,46,0,618,51,59,461202,2
"Block Group 3, Census Tract 4612.02, Fairfax County, Virginia",510594612023,1805,1291,1291,1249,42,0,514,51,59,461202,3
"Block Group 1, Census Tract 4615, Fairfax County, Virginia",510594615001,1238,922,922,861,61,0,316,51,59,461500,1
"Block Group 2, Census Tract 4615, Fairfax County, Virginia",510594615002,576,395,395,395,0,0,181,51,59,461500,2
"Block Group 3, Census Tract 4615, Fairfax County, Virginia",510594615003,1026,748,748,748,0,0,278,51,59,461500,3
"Block Group 4, Census Tract 4615, Fairfax County, Virginia",510594615004,1860,1394,1354,1270,84,40,466,51,59,461500,4
"Block Group 1, Census Tract 4616.03, Fairfax County, Virginia",510594616031,1783,1443,1443,1429,14,0,340,51,59,461603,1
"Block Group 3, Census Tract 4616.03, Fairfax County, Virginia",510594616033,1112,783,783,747,36,0,329,51,59,461603,3
"Block Group 1, Census Tract 4616.04, Fairfax County, Virginia",510594616041,1193,509,509,477,32,0,684,51,59,461604,1
"Block Group 1, Census Tract 4616.05, Fairfax County, Virginia",510594616051,1695,1639,1639,1639,0,0,56,51,59,461605,1
"Block Group 2, Census Tract 4616.05, Fairfax County, Virginia",510594616052,608,535,535,535,0,0,73,51,59,461605,2
"Block Group 1, Census Tract 4616.06, Fairfax County, Virginia",510594616061,1153,914,895,895,0,19,239,51,59,461606,1
"Block Group 2, Census Tract 4616.06, Fairfax County, Virginia",510594616062,1167,892,892,886,6,0,275,51,59,461606,2
"Block Group 2, Census Tract 4617, Fairfax County, Virginia",510594617002,1071,761,739,739,0,22,310,51,59,461700,2
"Block Group 3, Census Tract 4617, Fairfax County, Virginia",510594617003,1616,1222,1222,1204,18,0,394,51,59,461700,3
"Block Group 1, Census Tract 4618.01, Fairfax County, Virginia",510594618011,1409,1133,1133,1096,37,0,276,51,59,461801,1
"Block Group 1, Census Tract 4618.02, Fairfax County, Virginia",510594618021,1591,1249,1249,1196,53,0,342,51,59,461802,1
"Block Group 3, Census Tract 4618.02, Fairfax County, Virginia",510594618023,1407,865,865,813,52,0,542,51,59,461802,3
"Block Group 1, Census Tract 4619.01, Fairfax County, Virginia",510594619011,1248,914,914,877,37,0,334,51,59,461901,1
"Block Group 1, Census Tract 4619.02, Fairfax County, Virginia",510594619021,1331,970,970,905,65,0,361,51,59,461902,1
"Block Group 1, Census Tract 4701, Fairfax County, Virginia",510594701001,571,286,286,270,16,0,285,51,59,470100,1
"Block Group 1, Census Tract 4703, Fairfax County, Virginia",510594703001,1604,1020,1010,979,31,10,584,51,59,470300,1
"Block Group 2, Census Tract 4703, Fairfax County, Virginia",510594703002,955,587,580,580,0,7,368,51,59,470300,2
"Block Group 2, Census Tract 4704, Fairfax County, Virginia",510594704002,962,661,654,646,8,7,301,51,59,470400,2
"Block Group 3, Census Tract 4704, Fairfax County, Virginia",510594704003,533,317,317,310,7,0,216,51,59,470400,3
"Block Group 1, Census Tract 4705, Fairfax County, Virginia",510594705001,786,517,499,499,0,18,269,51,59,470500,1
"Block Group 4, Census Tract 2014.03, Henrico County, Virginia",510872014034,1359,790,790,678,112,0,569,51,87,201403,4
"Block Group 5, Census Tract 2014.03, Henrico County, Virginia",510872014035,656,418,418,418,0,0,238,51,87,201403,5
"Block Group 2, Census Tract 2014.04, Henrico County, Virginia",510872014042,826,552,552,542,10,0,274,51,87,201404,2
"Block Group 3, Census Tract 2014.04, Henrico County, Virginia",510872014043,852,557,557,545,12,0,295,51,87,201404,3
"Block Group 1, Census Tract 2014.06, Henrico County, Virginia",510872014061,1370,1078,1078,972,106,0,292,51,87,201406,1
"Block Group 2, Census Tract 2014.06, Henrico County, Virginia",510872014062,623,410,410,392,18,0,213,51,87,201406,2
"Block Group 4, Census Tract 2014.06, Henrico County, Virginia",510872014064,256,191,191,191,0,0,65,51,87,201406,4
"Block Group 1, Census Tract 2015.02, Henrico County, Virginia",510872015021,1346,920,915,833,82,5,426,51,87,201502,1
"Block Group 3, Census Tract 2015.02, Henrico County, Virginia",510872015023,1384,704,704,695,9,0,680,51,87,201502,3
"Block Group 1, Census Tract 2015.03, Henrico County, Virginia",510872015031,1992,1271,1271,1203,68,0,721,51,87,201503,1
"Block Group 3, Census Tract 2015.03, Henrico County, Virginia",510872015033,1377,1131,1131,1086,45,0,246,51,87,201503,3
"Block Group 1, Census Tract 2015.04, Henrico County, Virginia",510872015041,1343,979,979,950,29,0,364,51,87,201504,1
"Block Group 3, Census Tract 2015.04, Henrico County, Virginia",510872015043,810,474,474,474,0,0,336,51,87,201504,3
"Block Group 1, Census Tract 2016.01, Henrico County, Virginia",510872016011,1445,911,888,842,46,23,534,51,87,201601,1
"Block Group 1, Census Tract 2016.02, Henrico County, Virginia",510872016021,479,292,292,292,0,0,187,51,87,201602,1
"Block Group 2, Census Tract 2016.02, Henrico County, Virginia",510872016022,1227,811,811,811,0,0,416,51,87,201602,2
"Block Group 4, Census Tract 2016.02, Henrico County, Virginia",510872016024,921,612,612,612,0,0,309,51,87,201602,4
"Block Group 1, Census Tract 2017.01, Henrico County, Virginia",510872017011,1607,1165,1165,1113,52,0,442,51,87,201701,1
"Block Group 1, Census Tract 9801, Henrico County, Virginia",510879801001,0,0,0,0,0,0,0,51,87,980100,1
"Block Group 2, Census Tract 101, Henry County, Virginia",510890101002,314,192,192,157,35,0,122,51,89,10100,2
"Block Group 3, Census Tract 101, Henry County, Virginia",510890101003,521,261,261,170,91,0,260,51,89,10100,3
"Block Group 1, Census Tract 102, Henry County, Virginia",510890102001,833,347,347,347,0,0,486,51,89,10200,1
"Block Group 2, Census Tract 102, Henry County, Virginia",510890102002,571,146,146,137,9,0,425,51,89,10200,2
"Block Group 4, Census Tract 102, Henry County, Virginia",510890102004,1014,605,605,605,0,0,409,51,89,10200,4
"Block Group 5, Census Tract 102, Henry County, Virginia",510890102005,820,398,398,393,5,0,422,51,89,10200,5
"Block Group 2, Census Tract 103, Henry County, Virginia",510890103002,1186,722,722,722,0,0,464,51,89,10300,2
"Block Group 1, Census Tract 104, Henry County, Virginia",510890104001,1572,885,885,856,29,0,687,51,89,10400,1
"Block Group 2, Census Tract 104, Henry County, Virginia",510890104002,812,411,411,397,14,0,401,51,89,10400,2
"Block Group 3, Census Tract 104, Henry County, Virginia",510890104003,924,633,633,582,51,0,291,51,89,10400,3
"Block Group 1, Census Tract 105, Henry County, Virginia",510890105001,1023,622,622,485,137,0,401,51,89,10500,1
"Block Group 2, Census Tract 105, Henry County, Virginia",510890105002,982,448,448,409,39,0,534,51,89,10500,2
"Block Group 3, Census Tract 105, Henry County, Virginia",510890105003,1007,449,449,405,44,0,558,51,89,10500,3
"Block Group 1, Census Tract 106.01, Henry County, Virginia",510890106011,1396,882,882,827,55,0,514,51,89,10601,1
"Block Group 2, Census Tract 106.01, Henry County, Virginia",510890106012,1360,591,591,591,0,0,769,51,89,10601,2
"Block Group 1, Census Tract 106.02, Henry County, Virginia",510890106021,646,403,403,355,48,0,243,51,89,10602,1
"Block Group 2, Census Tract 106.02, Henry County, Virginia",510890106022,1416,755,755,733,22,0,661,51,89,10602,2
"Block Group 3, Census Tract 106.02, Henry County, Virginia",510890106023,959,451,451,441,10,0,508,51,89,10602,3
"Block Group 1, Census Tract 107, Henry County, Virginia",510890107001,1033,476,476,468,8,0,557,51,89,10700,1
"Block Group 2, Census Tract 107, Henry County, Virginia",510890107002,412,183,183,154,29,0,229,51,89,10700,2
"Block Group 3, Census Tract 107, Henry County, Virginia",510890107003,445,293,293,293,0,0,152,51,89,10700,3
"Block Group 1, Census Tract 108, Henry County, Virginia",510890108001,621,271,271,271,0,0,350,51,89,10800,1
"Block Group 3, Census Tract 9010.09, Prince William County, Virginia",511539010093,1527,1034,940,940,0,94,493,51,153,901009,3
"Block Group 4, Census Tract 9010.09, Prince William County, Virginia",511539010094,1041,730,730,641,89,0,311,51,153,901009,4
"Block Group 2, Census Tract 9010.10, Prince William County, Virginia",511539010102,491,407,407,397,10,0,84,51,153,901010,2
"Block Group 3, Census Tract 9010.10, Prince William County, Virginia",511539010103,2019,1468,1460,1330,130,8,551,51,153,901010,3
"Block Group 2, Census Tract 9010.11, Prince William County, Virginia",511539010112,1048,902,895,883,12,7,146,51,153,901011,2
"Block Group 3, Census Tract 9010.11, Prince William County, Virginia",511539010113,983,613,583,558,25,30,370,51,153,901011,3
"Block Group 2, Census Tract 9010.12, Prince William County, Virginia",511539010122,271,93,93,93,0,0,178,51,153,901012,2
"Block Group 1, Census Tract 9010.13, Prince William County, Virginia",511539010131,1819,1335,1310,1282,28,25,484,51,153,901013,1
"Block Group 1, Census Tract 9010.14, Prince William County, Virginia",511539010141,1649,1109,1090,986,104,19,540,51,153,901014,1
"Block Group 2, Census Tract 9010.14, Prince William County, Virginia",511539010142,1996,1503,1485,1262,223,18,493,51,153,901014,2
"Block Group 2, Census Tract 9010.15, Prince William County, Virginia",511539010152,958,760,729,729,0,31,198,51,153,901015,2
"Block Group 1, Census Tract 9010.16, Prince William County, Virginia",511539010161,2399,1836,1813,1617,196,23,563,51,153,901016,1
"Block Group 1, Census Tract 9011.01, Prince William County, Virginia",511539011011,379,275,254,221,33,21,104,51,153,901101,1
"Block Group 2, Census Tract 9011.01, Prince William County, Virginia",511539011012,1182,1182,171,153,18,1011,0,51,153,901101,2
"Block Group 3, Census Tract 9011.01, Prince William County, Virginia",511539011013,444,336,168,168,0,168,108,51,153,901101,3
"Block Group 1, Census Tract 9011.02, Prince William County, Virginia",511539011021,590,464,45,45,0,419,126,51,153,901102,1
"Block Group 2, Census Tract 9011.02, Prince William County, Virginia",511539011022,410,410,73,73,0,337,0,51,153,901102,2
"Block Group 3, Census Tract 9011.02, Prince William County, Virginia",511539011023,637,532,250,234,16,282,105,51,153,901102,3
"Block Group 4, Census Tract 9011.02, Prince William County, Virginia",511539011024,469,362,187,140,47,175,107,51,153,901102,4
"Block Group 1, Census Tract 9012.03, Prince William County, Virginia",511539012031,1276,1032,1032,951,81,0,244,51,153,901203,1
"Block Group 2, Census Tract 9012.03, Prince William County, Virginia",511539012032,1848,1210,1204,1093,111,6,638,51,153,901203,2
"Block Group 1, Census Tract 9012.08, Prince William County, Virginia",511539012081,753,481,481,481,0,0,272,51,153,901208,1
"Block Group 2, Census Tract 9012.08, Prince William County, Virginia",511539012082,2029,835,831,757,74,4,1194,51,153,901208,2
"Block Group 1, Census Tract 9012.09, Prince William County, Virginia",511539012091,791,603,603,566,37,0,188,51,153,901209,1
"Block Group 2, Census Tract 9012.09, Prince William County, Virginia",511539012092,2014,1406,1390,1355,35,16,608,51,153,901209,2
"Block Group 3, Census Tract 9012.09, Prince William County, Virginia",511539012093,2988,1670,1632,1536,96,38,1318,51,153,901209,3
"Block Group 1, Census Tract 9012.11, Prince William County, Virginia",511539012111,1211,869,869,805,64,0,342,51,153,901211,1
"Block Group 3, Census Tract 9012.11, Prince William County, Virginia",511539012113,1032,742,742,742,0,0,290,51,153,901211,3
"Block Group 1, Census Tract 9012.12, Prince William County, Virginia",511539012121,1263,752,752,622,130,0,511,51,153,901212,1
"Block Group 3, Census Tract 9012.12, Prince William County, Virginia",511539012123,1966,1592,1584,1469,115,8,374,51,153,901212,3
"Block Group 4, Census Tract 9012.12, Prince William County, Virginia",511539012124,1152,822,810,746,64,12,330,51,153,901212,4
"Block Group 2, Census Tract 9012.19, Prince William County, Virginia",511539012192,1091,641,641,593,48,0,450,51,153,901219,2
"Block Group 3, Census Tract 9012.19, Prince William County, Virginia",511539012193,1166,732,732,692,40,0,434,51,153,901219,3
"Block Group 1, Census Tract 9012.21, Prince William County, Virginia",511539012211,871,645,627,620,7,18,226,51,153,901221,1
"Block Group 2, Census Tract 9012.21, Prince William County, Virginia",511539012212,1612,1156,1109,973,136,47,456,51,153,901221,2
"Block Group 4, Census Tract 9012.21, Prince William County, Virginia",511539012214,585,479,436,436,0,43,106,51,153,901221,4
"Block Group 1, Census Tract 9012.22, Prince William County, Virginia",511539012221,1402,839,839,785,54,0,563,51,153,901222,1
"Block Group 1, Census Tract 9012.23, Prince William County, Virginia",511539012231,2261,1614,1614,1527,87,0,647,51,153,901223,1
"Block Group 2, Census Tract 9012.23, Prince William County, Virginia",511539012232,1595,1237,1223,1119,104,14,358,51,153,901223,2
"Block Group 1, Census Tract 509, York County, Virginia",511990509001,1963,1522,806,773,33,716,441,51,199,50900,1
"Block Group 1, Census Tract 510, York County, Virginia",511990510001,1302,870,864,844,20,6,432,51,199,51000,1
"Block Group 2, Census Tract 510, York County, Virginia",511990510002,311,179,179,179,0,0,132,51,199,51000,2
"Block Group 3, Census Tract 510, York County, Virginia",511990510003,912,543,543,543,0,0,369,51,199,51000,3
"Block Group 4, Census Tract 510, York County, Virginia",511990510004,897,368,368,250,118,0,529,51,199,51000,4
"Block Group 1, Census Tract 511, York County, Virginia",511990511001,2149,1591,1563,1281,282,28,558,51,199,51100,1
"Block Group 2, Census Tract 511, York County, Virginia",511990511002,1495,1151,1129,1050,79,22,344,51,199,51100,2
"Block Group 3, Census Tract 511, York County, Virginia",511990511003,1936,1579,1548,1523,25,31,357,51,199,51100,3
"Block Group 0, Census Tract 9901, York County, Virginia",511999901000,0,0,0,0,0,0,0,51,199,990100,0
"Block Group 1, Census Tract 2001.02, Alexandria city, Virginia",515102001021,510,432,432,382,50,0,78,51,510,200102,1
"Block Group 2, Census Tract 2001.02, Alexandria city, Virginia",515102001022,2152,1716,1695,1560,135,21,436,51,510,200102,2
"Block Group 3, Census Tract 2001.02, Alexandria city, Virginia",515102001023,695,431,431,431,0,0,264,51,510,200102,3
"Block Group 1, Census Tract 2001.04, Alexandria city, Virginia",515102001041,910,627,627,599,28,0,283,51,510,200104,1
"Block Group 3, Census Tract 2001.04, Alexandria city, Virginia",515102001043,1699,1454,1422,1406,16,32,245,51,510,200104,3
"Block Group 1, Census Tract 2001.05, Alexandria city, Virginia",515102001051,812,751,751,751,0,0,61,51,510,200105,1
"Block Group 1, Census Tract 2001.06, Alexandria city, Virginia",515102001061,532,412,408,408,0,4,120,51,510,200106,1
"Block Group 2, Census Tract 2001.06, Alexandria city, Virginia",515102001062,1101,645,621,614,7,24,456,51,510,200106,2
"Block Group 4, Census Tract 2001.06, Alexandria city, Virginia",515102001064,684,565,565,565,0,0,119,51,510,200106,4
"Block Group 1, Census Tract 2001.08, Alexandria city, Virginia",515102001081,1462,1056,1029,863,166,27,406,51,510,200108,1
"Block Group 2, Census Tract 2001.09, Alexandria city, Virginia",515102001092,1864,1434,1434,1374,60,0,430,51,510,200109,2
"Block Group 3, Census Tract 2001.09, Alexandria city, Virginia",515102001093,1491,1265,1265,1195,70,0,226,51,510,200109,3
"Block Group 2, Census Tract 2001.10, Alexandria city, Virginia",515102001102,771,641,641,573,68,0,130,51,510,200110,2
"Block Group 1, Census Tract 2001.11, Alexandria city, Virginia",515102001111,621,564,564,564,0,0,57,51,510,200111,1
"Block Group 3, Census Tract 2001.11, Alexandria city, Virginia",515102001113,860,715,693,693,0,22,145,51,510,200111,3
"Block Group 1, Census Tract 2002.01, Alexandria city, Virginia",515102002011,917,754,754,720,34,0,163,51,510,200201,1
"Block Group 3, Census Tract 2002.01, Alexandria city, Virginia",515102002013,1180,754,738,738,0,16,426,51,510,200201,3
"Block Group 1, Census Tract 2002.02, Alexandria city, Virginia",515102002021,612,338,331,322,9,7,274,51,510,200202,1
"Block Group 1, Census Tract 2003.01, Alexandria city, Virginia",515102003011,1564,1402,1370,1335,35,32,162,51,510,200301,1
"Block Group 2, Census Tract 2003.01, Alexandria city, Virginia",515102003012,944,722,722,670,52,0,222,51,510,200301,2
"Block Group 2, Census Tract 2003.02, Alexandria city, Virginia",515102003022,1267,1164,1164,1105,59,0,103,51,510,200302,2
"Block Group 3, Census Tract 2003.02, Alexandria city, Virginia",515102003023,645,616,573,520,53,43,29,51,510,200302,3
"Block Group 2, Census Tract 2003.04, Alexandria city, Virginia",515102003042,1021,902,871,871,0,31,119,51,510,200304,2
"Block Group 3, Census Tract 2003.04, Alexandria city, Virginia",515102003043,135,135,135,135,0,0,0,51,510,200304,3
"Block Group 2, Census Tract 2003.05, Alexandria city, Virginia",515102003052,1046,690,675,675,0,15,356,51,510,200305,2
"Block Group 1, Census Tract 2004.03, Alexandria city, Virginia",515102004031,1480,1292,1243,1189,54,49,188,51,510,200403,1
"Block Group 2, Census Tract 2004.04, Alexandria city, Virginia",515102004042,1702,1395,1241,1226,15,154,307,51,510,200404,2
"Block Group 1, Census Tract 2004.06, Alexandria city, Virginia",515102004061,895,498,489,489,0,9,397,51,510,200406,1
"Block Group 3, Census Tract 2004.06, Alexandria city, Virginia",515102004063,1591,1282,1282,1217,65,0,309,51,510,200406,3
"Block Group 4, Census Tract 2004.06, Alexandria city, Virginia",515102004064,526,363,363,363,0,0,163,51,510,200406,4
"Block Group 2, Census Tract 2004.07, Alexandria city, Virginia",515102004072,1956,1256,1243,1099,144,13,700,51,510,200407,2
"Block Group 3, Census Tract 2004.07, Alexandria city, Virginia",515102004073,873,727,714,714,0,13,146,51,510,200407,3
"Block Group 1, Census Tract 12, Norfolk city, Virginia",517100012001,1431,982,915,684,231,67,449,51,710,1200,1
"Block Group 2, Census Tract 12, Norfolk city, Virginia",517100012002,1464,1017,881,881,0,136,447,51,710,1200,2
"Block Group 1, Census Tract 13, Norfolk city, Virginia",517100013001,578,469,385,376,9,84,109,51,710,1300,1
"Block Group 2, Census Tract 13, Norfolk city, Virginia",517100013002,1476,1268,1123,864,259,145,208,51,710,1300,2
"Block Group 2, Census Tract 14, Norfolk city, Virginia",517100014002,810,597,567,541,26,30,213,51,710,1400,2
"Block Group 3, Census Tract 14, Norfolk city, Virginia",517100014003,462,310,282,269,13,28,152,51,710,1400,3
"Block Group 2, Census Tract 15, Norfolk city, Virginia",517100015002,1370,1079,851,795,56,228,291,51,710,1500,2
"Block Group 2, Census Tract 16, Norfolk city, Virginia",517100016002,673,393,387,343,44,6,280,51,710,1600,2
"Block Group 1, Census Tract 17, Norfolk city, Virginia",517100017001,981,643,487,472,15,156,338,51,710,1700,1
"Block Group 1, Census Tract 20, Norfolk city, Virginia",517100020001,1240,905,832,766,66,73,335,51,710,2000,1
"Block Group 1, Census Tract 21, Norfolk city, Virginia",517100021001,1193,657,630,612,18,27,536,51,710,2100,1
"Block Group 2, Census Tract 22, Norfolk city, Virginia",517100022002,641,405,379,374,5,26,236,51,710,2200,2
"Block Group 1, Census Tract 23, Norfolk city, Virginia",517100023001,1001,684,631,631,0,53,317,51,710,2300,1
"Block Group 1, Census Tract 24, Norfolk city, Virginia",517100024001,995,717,550,494,56,167,278,51,710,2400,1
"Block Group 2, Census Tract 24, Norfolk city, Virginia",517100024002,614,454,420,420,0,34,160,51,710,2400,2
"Block Group 1, Census Tract 25, Norfolk city, Virginia",517100025001,4007,1954,1941,1652,289,13,2053,51,710,2500,1
"Block Group 2, Census Tract 25, Norfolk city, Virginia",517100025002,882,603,562,478,84,41,279,51,710,2500,2
"Block Group 2, Census Tract 26, Norfolk city, Virginia",517100026002,1246,790,790,666,124,0,456,51,710,2600,2
"Block Group 1, Census Tract 27, Norfolk city, Virginia",517100027001,411,206,206,181,25,0,205,51,710,2700,1
"Block Group 2, Census Tract 27, Norfolk city, Virginia",517100027002,865,446,433,389,44,13,419,51,710,2700,2
"Block Group 1, Census Tract 28, Norfolk city, Virginia",517100028001,597,389,345,320,25,44,208,51,710,2800,1
"Block Group 2, Census Tract 28, Norfolk city, Virginia",517100028002,568,246,218,187,31,28,322,51,710,2800,2
"Block Group 4, Census Tract 28, Norfolk city, Virginia",517100028004,1554,1093,976,870,106,117,461,51,710,2800,4
"Block Group 1, Census Tract 29, Norfolk city, Virginia",517100029001,636,386,386,361,25,0,250,51,710,2900,1
"Block Group 2, Census Tract 29, Norfolk city, Virginia",517100029002,738,661,636,533,103,25,77,51,710,2900,2
"Block Group 3, Census Tract 29, Norfolk city, Virginia",517100029003,375,228,216,205,11,12,147,51,710,2900,3
"Block Group 1, Census Tract 30, Norfolk city, Virginia",517100030001,1129,916,898,829,69,18,213,51,710,3000,1
"Block Group 2, Census Tract 30, Norfolk city, Virginia",517100030002,485,364,347,330,17,17,121,51,710,3000,2
"Block Group 1, Census Tract 31, Norfolk city, Virginia",517100031001,713,540,461,451,10,79,173,51,710,3100,1
"Block Group 2, Census Tract 31, Norfolk city, Virginia",517100031002,338,208,208,175,33,0,130,51,710,3100,2
"Block Group 3, Census Tract 31, Norfolk city, Virginia",517100031003,1185,813,813,740,73,0,372,51,710,3100,3
"Block Group 1, Census Tract 32, Norfolk city, Virginia",517100032001,790,576,558,473,85,18,214,51,710,3200,1
"Block Group 2, Census Tract 32, Norfolk city, Virginia",517100032002,677,430,382,324,58,48,247,51,710,3200,2
"Block Group 3, Census Tract 32, Norfolk city, Virginia",517100032003,1012,730,651,597,54,79,282,51,710,3200,3
"Block Group 1, Census Tract 33, Norfolk city, Virginia",517100033001,1058,656,605,564,41,51,402,51,710,3300,1
"Block Group 2, Census Tract 33, Norfolk city, Virginia",517100033002,1110,698,645,588,57,53,412,51,710,3300,2
"Block Group 1, Census Tract 34, Norfolk city, Virginia",517100034001,760,425,425,364,61,0,335,51,710,3400,1
"Block Group 2, Census Tract 34, Norfolk city, Virginia",517100034002,803,523,523,460,63,0,280,51,710,3400,2
"Block Group 2, Census Tract 35.01, Norfolk city, Virginia",517100035012,565,323,323,186,137,0,242,51,710,3501,2
"Block Group 3, Census Tract 35.01, Norfolk city, Virginia",517100035013,864,684,651,548,103,33,180,51,710,3501,3
"Block Group 1, Census Tract 36, Norfolk city, Virginia",517100036001,1640,1164,896,848,48,268,476,51,710,3600,1
"Block Group 1, Census Tract 37, Norfolk city, Virginia",517100037001,678,542,530,465,65,12,136,51,710,3700,1
"Block Group 1, Census Tract 462.06, Virginia Beach city, Virginia",518100462061,432,326,300,288,12,26,106,51,810,46206,1
"Block Group 3, Census Tract 462.06, Virginia Beach city, Virginia",518100462063,1292,886,793,755,38,93,406,51,810,46206,3
"Block Group 4, Census Tract 462.06, Virginia Beach city, Virginia",518100462064,890,518,494,373,121,24,372,51,810,46206,4
"Block Group 3, Census Tract 462.07, Virginia Beach city, Virginia",518100462073,612,352,352,329,23,0,260,51,810,46207,3
"Block Group 5, Census Tract 462.07, Virginia Beach city, Virginia",518100462075,1447,1247,1211,1141,70,36,200,51,810,46207,5
"Block Group 1, Census Tract 462.11, Virginia Beach city, Virginia",518100462111,704,487,456,441,15,31,217,51,810,46211,1
"Block Group 3, Census Tract 462.11, Virginia Beach city, Virginia",518100462113,717,471,444,415,29,27,246,51,810,46211,3
"Block Group 1, Census Tract 462.12, Virginia Beach city, Virginia",518100462121,1191,678,674,640,34,4,513,51,810,46212,1
"Block Group 2, Census Tract 462.12, Virginia Beach city, Virginia",518100462122,1624,1286,1262,1160,102,24,338,51,810,46212,2
"Block Group 3, Census Tract 462.12, Virginia Beach city, Virginia",518100462123,570,340,307,284,23,33,230,51,810,46212,3
"Block Group 1, Census Tract 462.13, Virginia Beach city, Virginia",518100462131,2008,1503,1166,1095,71,337,505,51,810,46213,1
"Block Group 2, Census Tract 462.13, Virginia Beach city, Virginia",518100462132,568,395,353,342,11,42,173,51,810,46213,2
"Block Group 3, Census Tract 462.13, Virginia Beach city, Virginia",518100462133,1612,1095,915,860,55,180,517,51,810,46213,3
"Block Group 4, Census Tract 462.13, Virginia Beach city, Virginia",518100462134,931,688,600,585,15,88,243,51,810,46213,4
"Block Group 1, Census Tract 462.14, Virginia Beach city, Virginia",518100462141,1469,1093,1041,999,42,52,376,51,810,46214,1
"Block Group 2, Census Tract 462.14, Virginia Beach city, Virginia",518100462142,633,439,407,380,27,32,194,51,810,46214,2
"Block Group 3, Census Tract 462.14, Virginia Beach city, Virginia",518100462143,1289,948,874,852,22,74,341,51,810,46214,3
"Block Group 4, Census Tract 462.14, Virginia Beach city, Virginia",518100462144,905,639,622,563,59,17,266,51,810,46214,4
"Block Group 1, Census Tract 462.16, Virginia Beach city, Virginia",518100462161,1580,1193,1097,1016,81,96,387,51,810,46216,1
"Block Group 2, Census Tract 462.16, Virginia Beach city, Virginia",518100462162,1422,1047,987,929,58,60,375,51,810,46216,2
"Block Group 3, Census Tract 462.16, Virginia Beach city, Virginia",518100462163,1758,1108,914,844,70,194,650,51,810,46216,3
"Block Group 2, Census Tract 462.17, Virginia Beach city, Virginia",518100462172,1506,1228,1204,1179,25,24,278,51,810,46217,2
"Block Group 3, Census Tract 462.17, Virginia Beach city, Virginia",518100462173,1815,1440,1316,1303,13,124,375,51,810,46217,3
"Block Group 2, Census Tract 462.19, Virginia Beach city, Virginia",518100462192,2221,1596,1465,1402,63,131,625,51,810,46219,2
"Block Group 1, Census Tract 462.20, Virginia Beach city, Virginia",518100462201,1893,1180,1156,1156,0,24,713,51,810,46220,1
"Block Group 3, Census Tract 462.20, Virginia Beach city, Virginia",518100462203,914,658,658,658,0,0,256,51,810,46220,3
"Block Group 1, Census Tract 462.21, Virginia Beach city, Virginia",518100462211,677,419,410,410,0,9,258,51,810,46221,1
"Block Group 3, Census Tract 462.21, Virginia Beach city, Virginia",518100462213,1163,912,840,689,151,72,251,51,810,46221,3
"Block Group 1, Census Tract 462.22, Virginia Beach city, Virginia",518100462221,1361,843,807,747,60,36,518,51,810,46222,1
"Block Group 3, Census Tract 462.22, Virginia Beach city, Virginia",518100462223,669,484,451,434,17,33,185,51,810,46222,3
"Block Group 4, Census Tract 462.22, Virginia Beach city, Virginia",518100462224,870,748,735,669,66,13,122,51,810,46222,4
"Block Group 1, Census Tract 462.23, Virginia Beach city, Virginia",518100462231,996,604,516,495,21,88,392,51,810,46223,1
"Block Group 2, Census Tract 462.23, Virginia Beach city, Virginia",518100462232,887,588,575,537,38,13,299,51,810,46223,2
"Block Group 1, Census Tract 462.24, Virginia Beach city, Virginia",518100462241,1591,1153,1113,1101,12,40,438,51,810,46224,1
"Block Group 2, Census Tract 462.24, Virginia Beach city, Virginia",518100462242,1157,894,826,806,20,68,263,51,810,46224,2
"Block Group 1, Census Tract 462.25, Virginia Beach city, Virginia",518100462251,1522,1138,1116,1034,82,22,384,51,810,46225,1
"Block Group 2, Census Tract 462.25, Virginia Beach city, Virginia",518100462252,984,669,615,583,32,54,315,51,810,46225,2
"Block Group 1, Census Tract 464, Virginia Beach city, Virginia",518100464001,1490,1185,1185,1131,54,0,305,51,810,46400,1
"Block Group 2, Census Tract 464, Virginia Beach city, Virginia",518100464002,909,449,430,396,34,19,460,51,810,46400,2
"Block Group 4, Census Tract 464, Virginia Beach city, Virginia",518100464004,927,526,506,496,10,20,401,51,810,46400,4
"Block Group 1, Census Tract 304.04, Bedford County, Virginia",510190304041,982,656,656,541,115,0,326,51,19,30404,1
"Block Group 2, Census Tract 304.04, Bedford County, Virginia",510190304042,1758,1216,1216,1201,15,0,542,51,19,30404,2
"Block Group 1, Census Tract 305.01, Bedford County, Virginia",510190305011,1695,829,829,797,32,0,866,51,19,30501,1
"Block Group 2, Census Tract 305.01, Bedford County, Virginia",510190305012,526,345,345,341,4,0,181,51,19,30501,2
"Block Group 1, Census Tract 305.03, Bedford County, Virginia",510190305031,1007,418,418,418,0,0,589,51,19,30503,1
"Block Group 2, Census Tract 305.03, Bedford County, Virginia",510190305032,481,124,124,124,0,0,357,51,19,30503,2
"Block Group 1, Census Tract 305.04, Bedford County, Virginia",510190305041,1001,454,454,454,0,0,547,51,19,30504,1
"Block Group 2, Census Tract 305.04, Bedford County, Virginia",510190305042,570,357,357,343,14,0,213,51,19,30504,2
"Block Group 1, Census Tract 306.01, Bedford County, Virginia",510190306011,1450,927,927,899,28,0,523,51,19,30601,1
"Block Group 2, Census Tract 306.01, Bedford County, Virginia",510190306012,492,265,265,255,10,0,227,51,19,30601,2
"Block Group 1, Census Tract 306.02, Bedford County, Virginia",510190306021,1110,541,541,526,15,0,569,51,19,30602,1
"Block Group 2, Census Tract 306.02, Bedford County, Virginia",510190306022,1162,798,798,789,9,0,364,51,19,30602,2
"Block Group 1, Census Tract 306.03, Bedford County, Virginia",510190306031,473,248,248,232,16,0,225,51,19,30603,1
"Block Group 2, Census Tract 306.03, Bedford County, Virginia",510190306032,1828,1038,1038,1031,7,0,790,51,19,30603,2
"Block Group 2, Census Tract 306.04, Bedford County, Virginia",510190306042,1019,580,580,572,8,0,439,51,19,30604,2
"Block Group 2, Census Tract 306.05, Bedford County, Virginia",510190306052,454,240,240,223,17,0,214,51,19,30605,2
"Block Group 3, Census Tract 306.05, Bedford County, Virginia",510190306053,928,320,320,315,5,0,608,51,19,30605,3
"Block Group 2, Census Tract 501.01, Bedford County, Virginia",510190501012,1398,830,830,830,0,0,568,51,19,50101,2
"Block Group 1, Census Tract 501.02, Bedford County, Virginia",510190501021,1070,671,671,663,8,0,399,51,19,50102,1
"Block Group 1, Census Tract 401, Bland County, Virginia",510210401001,1051,474,474,463,11,0,577,51,21,40100,1
"Block Group 2, Census Tract 401, Bland County, Virginia",510210401002,824,420,420,414,6,0,404,51,21,40100,2
"Block Group 1, Census Tract 402, Bland County, Virginia",510210402001,850,472,472,451,21,0,378,51,21,40200,1
"Block Group 2, Census Tract 402, Bland County, Virginia",510210402002,457,190,190,165,25,0,267,51,21,40200,2
"Block Group 1, Census Tract 401, Botetourt County, Virginia",510230401001,887,472,472,468,4,0,415,51,23,40100,1
"Block Group 2, Census Tract 401, Botetourt County, Virginia",510230401002,701,333,333,333,0,0,368,51,23,40100,2
"Block Group 3, Census Tract 401, Botetourt County, Virginia",510230401003,778,437,437,429,8,0,341,51,23,40100,3
"Block Group 4, Census Tract 401, Botetourt County, Virginia",510230401004,559,186,179,152,27,7,373,51,23,40100,4
"Block Group 1, Census Tract 402, Botetourt County, Virginia",510230402001,786,592,592,563,29,0,194,51,23,40200,1
"Block Group 2, Census Tract 402, Botetourt County, Virginia",510230402002,564,275,275,252,23,0,289,51,23,40200,2
"Block Group 3, Census Tract 402, Botetourt County, Virginia",510230402003,1274,781,781,750,31,0,493,51,23,40200,3
"Block Group 4, Census Tract 402, Botetourt County, Virginia",510230402004,763,441,441,427,14,0,322,51,23,40200,4
"Block Group 1, Census Tract 403.01, Botetourt County, Virginia",510230403011,1635,1044,1044,1044,0,0,591,51,23,40301,1
"Block Group 2, Census Tract 403.01, Botetourt County, Virginia",510230403012,925,529,522,518,4,7,396,51,23,40301,2
"Block Group 1, Census Tract 403.03, Botetourt County, Virginia",510230403031,779,548,548,501,47,0,231,51,23,40303,1
"Block Group 2, Census Tract 403.03, Botetourt County, Virginia",510230403032,684,378,378,352,26,0,306,51,23,40303,2
"Block Group 3, Census Tract 403.03, Botetourt County, Virginia",510230403033,1823,952,952,913,39,0,871,51,23,40303,3
"Block Group 1, Census Tract 403.04, Botetourt County, Virginia",510230403041,1898,1211,1211,1211,0,0,687,51,23,40304,1
"Block Group 2, Census Tract 403.04, Botetourt County, Virginia",510230403042,1373,906,906,906,0,0,467,51,23,40304,2
"Block Group 2, Census Tract 404.01, Botetourt County, Virginia",510230404012,774,502,502,496,6,0,272,51,23,40401,2
"Block Group 1, Census Tract 404.02, Botetourt County, Virginia",510230404021,516,348,348,348,0,0,168,51,23,40402,1
"Block Group 3, Census Tract 404.02, Botetourt County, Virginia",510230404023,999,539,539,524,15,0,460,51,23,40402,3
"Block Group 2, Census Tract 4705, Fairfax County, Virginia",510594705002,1560,1008,1008,992,16,0,552,51,59,470500,2
"Block Group 4, Census Tract 4705, Fairfax County, Virginia",510594705004,1056,599,599,599,0,0,457,51,59,470500,4
"Block Group 1, Census Tract 4706, Fairfax County, Virginia",510594706001,820,522,522,515,7,0,298,51,59,470600,1
"Block Group 1, Census Tract 4707, Fairfax County, Virginia",510594707001,663,382,368,363,5,14,281,51,59,470700,1
"Block Group 3, Census Tract 4707, Fairfax County, Virginia",510594707003,1010,599,599,599,0,0,411,51,59,470700,3
"Block Group 4, Census Tract 4707, Fairfax County, Virginia",510594707004,926,663,663,663,0,0,263,51,59,470700,4
"Block Group 1, Census Tract 4708, Fairfax County, Virginia",510594708001,643,375,368,338,30,7,268,51,59,470800,1
"Block Group 2, Census Tract 4708, Fairfax County, Virginia",510594708002,1602,1059,1059,1002,57,0,543,51,59,470800,2
"Block Group 2, Census Tract 4709, Fairfax County, Virginia",510594709002,1404,958,958,958,0,0,446,51,59,470900,2
"Block Group 3, Census Tract 4709, Fairfax County, Virginia",510594709003,727,512,485,485,0,27,215,51,59,470900,3
"Block Group 4, Census Tract 4709, Fairfax County, Virginia",510594709004,1003,523,523,523,0,0,480,51,59,470900,4
"Block Group 5, Census Tract 4709, Fairfax County, Virginia",510594709005,1031,719,719,700,19,0,312,51,59,470900,5
"Block Group 1, Census Tract 4710, Fairfax County, Virginia",510594710001,1762,1288,1288,1251,37,0,474,51,59,471000,1
"Block Group 1, Census Tract 4711, Fairfax County, Virginia",510594711001,1234,876,876,788,88,0,358,51,59,471100,1
"Block Group 2, Census Tract 4711, Fairfax County, Virginia",510594711002,853,575,575,557,18,0,278,51,59,471100,2
"Block Group 3, Census Tract 4711, Fairfax County, Virginia",510594711003,582,482,482,452,30,0,100,51,59,471100,3
"Block Group 4, Census Tract 4711, Fairfax County, Virginia",510594711004,1314,797,797,797,0,0,517,51,59,471100,4
"Block Group 5, Census Tract 4711, Fairfax County, Virginia",510594711005,1339,904,904,904,0,0,435,51,59,471100,5
"Block Group 1, Census Tract 4712.01, Fairfax County, Virginia",510594712011,1102,893,893,850,43,0,209,51,59,471201,1
"Block Group 2, Census Tract 4712.01, Fairfax County, Virginia",510594712012,813,587,587,556,31,0,226,51,59,471201,2
"Block Group 3, Census Tract 4712.01, Fairfax County, Virginia",510594712013,974,657,657,629,28,0,317,51,59,471201,3
"Block Group 1, Census Tract 4712.03, Fairfax County, Virginia",510594712031,2227,1591,1569,1521,48,22,636,51,59,471203,1
"Block Group 1, Census Tract 4712.04, Fairfax County, Virginia",510594712041,914,847,847,847,0,0,67,51,59,471204,1
"Block Group 2, Census Tract 4712.04, Fairfax County, Virginia",510594712042,701,685,685,574,111,0,16,51,59,471204,2
"Block Group 1, Census Tract 4713.01, Fairfax County, Virginia",510594713011,1387,1167,1160,1160,0,7,220,51,59,471301,1
"Block Group 1, Census Tract 4713.03, Fairfax County, Virginia",510594713031,528,339,339,339,0,0,189,51,59,471303,1
"Block Group 2, Census Tract 4713.03, Fairfax County, Virginia",510594713032,1084,907,890,880,10,17,177,51,59,471303,2
"Block Group 1, Census Tract 4713.04, Fairfax County, Virginia",510594713041,1676,1131,1115,1033,82,16,545,51,59,471304,1
"Block Group 1, Census Tract 4714.01, Fairfax County, Virginia",510594714011,1209,852,845,816,29,7,357,51,59,471401,1
"Block Group 1, Census Tract 4714.02, Fairfax County, Virginia",510594714021,1522,1146,1096,1066,30,50,376,51,59,471402,1
"Block Group 2, Census Tract 4714.02, Fairfax County, Virginia",510594714022,1367,980,968,951,17,12,387,51,59,471402,2
"Block Group 2, Census Tract 4801, Fairfax County, Virginia",510594801002,974,475,475,444,31,0,499,51,59,480100,2
"Block Group 3, Census Tract 4801, Fairfax County, Virginia",510594801003,583,350,350,336,14,0,233,51,59,480100,3
"Block Group 1, Census Tract 4802.01, Fairfax County, Virginia",510594802011,1235,644,644,636,8,0,591,51,59,480201,1
"Block Group 2, Census Tract 4802.01, Fairfax County, Virginia",510594802012,1450,982,967,956,11,15,468,51,59,480201,2
"Block Group 1, Census Tract 4802.03, Fairfax County, Virginia",510594802031,625,560,549,336,213,11,65,51,59,480203,1
"Block Group 2, Census Tract 4802.03, Fairfax County, Virginia",510594802032,1616,894,894,875,19,0,722,51,59,480203,2
"Block Group 2, Census Tract 4802.04, Fairfax County, Virginia",510594802042,1518,1213,1213,1175,38,0,305,51,59,480204,2
"Block Group 3, Census Tract 4802.04, Fairfax County, Virginia",510594802043,168,168,168,139,29,0,0,51,59,480204,3
"Block Group 2, Census Tract 4802.05, Fairfax County, Virginia",510594802052,2030,1768,1768,1667,101,0,262,51,59,480205,2
"Block Group 1, Census Tract 4803.01, Fairfax County, Virginia",510594803011,1249,679,679,673,6,0,570,51,59,480301,1
"Block Group 2, Census Tract 108, Henry County, Virginia",510890108002,836,266,266,266,0,0,570,51,89,10800,2
"Block Group 1, Census Tract 109, Henry County, Virginia",510890109001,1392,701,701,649,52,0,691,51,89,10900,1
"Block Group 2, Census Tract 109, Henry County, Virginia",510890109002,619,230,230,215,15,0,389,51,89,10900,2
"Block Group 2, Census Tract 110, Henry County, Virginia",510890110002,1588,578,578,561,17,0,1010,51,89,11000,2
"Block Group 1, Census Tract 111, Henry County, Virginia",510890111001,693,155,155,148,7,0,538,51,89,11100,1
"Block Group 2, Census Tract 111, Henry County, Virginia",510890111002,550,312,312,293,19,0,238,51,89,11100,2
"Block Group 1, Census Tract 112, Henry County, Virginia",510890112001,460,200,200,200,0,0,260,51,89,11200,1
"Block Group 2, Census Tract 112, Henry County, Virginia",510890112002,671,338,338,261,77,0,333,51,89,11200,2
"Block Group 1, Census Tract 113, Henry County, Virginia",510890113001,1148,428,428,383,45,0,720,51,89,11300,1
"Block Group 2, Census Tract 113, Henry County, Virginia",510890113002,837,433,433,427,6,0,404,51,89,11300,2
"Block Group 1, Census Tract 9701, Highland County, Virginia",510919701001,389,173,173,157,16,0,216,51,91,970100,1
"Block Group 2, Census Tract 9701, Highland County, Virginia",510919701002,794,388,388,305,83,0,406,51,91,970100,2
"Block Group 1, Census Tract 2801.01, Isle of Wight County, Virginia",510932801011,1304,864,864,850,14,0,440,51,93,280101,1
"Block Group 2, Census Tract 2801.01, Isle of Wight County, Virginia",510932801012,1539,1041,1041,985,56,0,498,51,93,280101,2
"Block Group 2, Census Tract 2801.04, Isle of Wight County, Virginia",510932801042,1541,995,971,954,17,24,546,51,93,280104,2
"Block Group 3, Census Tract 2801.04, Isle of Wight County, Virginia",510932801043,1177,800,800,738,62,0,377,51,93,280104,3
"Block Group 2, Census Tract 2801.05, Isle of Wight County, Virginia",510932801052,622,351,351,351,0,0,271,51,93,280105,2
"Block Group 3, Census Tract 2801.05, Isle of Wight County, Virginia",510932801053,1216,701,701,631,70,0,515,51,93,280105,3
"Block Group 2, Census Tract 2801.06, Isle of Wight County, Virginia",510932801062,772,476,476,469,7,0,296,51,93,280106,2
"Block Group 1, Census Tract 2801.07, Isle of Wight County, Virginia",510932801071,2592,1774,1749,1608,141,25,818,51,93,280107,1
"Block Group 1, Census Tract 2801.08, Isle of Wight County, Virginia",510932801081,1763,1241,1197,1143,54,44,522,51,93,280108,1
"Block Group 2, Census Tract 2801.08, Isle of Wight County, Virginia",510932801082,1400,1021,1021,845,176,0,379,51,93,280108,2
"Block Group 2, Census Tract 2802, Isle of Wight County, Virginia",510932802002,787,618,597,569,28,21,169,51,93,280200,2
"Block Group 3, Census Tract 2802, Isle of Wight County, Virginia",510932802003,929,456,456,427,29,0,473,51,93,280200,3
"Block Group 1, Census Tract 2803, Isle of Wight County, Virginia",510932803001,932,720,720,720,0,0,212,51,93,280300,1
"Block Group 2, Census Tract 2803, Isle of Wight County, Virginia",510932803002,2149,1170,1170,1127,43,0,979,51,93,280300,2
"Block Group 1, Census Tract 2804, Isle of Wight County, Virginia",510932804001,808,446,446,446,0,0,362,51,93,280400,1
"Block Group 2, Census Tract 2804, Isle of Wight County, Virginia",510932804002,1200,601,589,575,14,12,599,51,93,280400,2
"Block Group 4, Census Tract 2804, Isle of Wight County, Virginia",510932804004,691,342,342,323,19,0,349,51,93,280400,4
"Block Group 1, Census Tract 801.02, James City County, Virginia",510950801021,1067,453,442,431,11,11,614,51,95,80102,1
"Block Group 2, Census Tract 801.02, James City County, Virginia",510950801022,2117,1486,1470,1316,154,16,631,51,95,80102,2
"Block Group 3, Census Tract 801.02, James City County, Virginia",510950801023,388,233,206,206,0,27,155,51,95,80102,3
"Block Group 2, Census Tract 801.03, James City County, Virginia",510950801032,877,586,579,579,0,7,291,51,95,80103,2
"Block Group 1, Census Tract 801.04, James City County, Virginia",510950801041,1122,390,380,367,13,10,732,51,95,80104,1
"Block Group 2, Census Tract 801.04, James City County, Virginia",510950801042,1027,554,554,441,113,0,473,51,95,80104,2
"Block Group 1, Census Tract 802.02, James City County, Virginia",510950802021,2190,1444,1411,1386,25,33,746,51,95,80202,1
"Block Group 2, Census Tract 802.02, James City County, Virginia",510950802022,1379,898,855,799,56,43,481,51,95,80202,2
"Block Group 3, Census Tract 802.02, James City County, Virginia",510950802023,1146,557,557,557,0,0,589,51,95,80202,3
"Block Group 1, Census Tract 802.03, James City County, Virginia",510950802031,1353,421,413,401,12,8,932,51,95,80203,1
"Block Group 2, Census Tract 802.03, James City County, Virginia",510950802032,1941,1294,1254,1245,9,40,647,51,95,80203,2
"Block Group 1, Census Tract 9012.24, Prince William County, Virginia",511539012241,1978,1511,1504,1476,28,7,467,51,153,901224,1
"Block Group 2, Census Tract 9012.24, Prince William County, Virginia",511539012242,1035,648,624,580,44,24,387,51,153,901224,2
"Block Group 1, Census Tract 9012.25, Prince William County, Virginia",511539012251,1191,946,946,919,27,0,245,51,153,901225,1
"Block Group 2, Census Tract 9012.25, Prince William County, Virginia",511539012252,1333,1020,1020,1020,0,0,313,51,153,901225,2
"Block Group 1, Census Tract 9012.26, Prince William County, Virginia",511539012261,802,523,523,523,0,0,279,51,153,901226,1
"Block Group 2, Census Tract 9012.26, Prince William County, Virginia",511539012262,2373,1675,1627,1560,67,48,698,51,153,901226,2
"Block Group 1, Census Tract 9012.27, Prince William County, Virginia",511539012271,1441,1069,1069,1045,24,0,372,51,153,901227,1
"Block Group 2, Census Tract 9012.27, Prince William County, Virginia",511539012272,1713,1222,1222,1177,45,0,491,51,153,901227,2
"Block Group 1, Census Tract 9012.28, Prince William County, Virginia",511539012281,1454,1186,1168,1095,73,18,268,51,153,901228,1
"Block Group 2, Census Tract 9012.28, Prince William County, Virginia",511539012282,680,409,409,409,0,0,271,51,153,901228,2
"Block Group 4, Census Tract 9012.28, Prince William County, Virginia",511539012284,1595,1143,1115,1088,27,28,452,51,153,901228,4
"Block Group 1, Census Tract 9012.29, Prince William County, Virginia",511539012291,2288,1680,1659,1629,30,21,608,51,153,901229,1
"Block Group 1, Census Tract 9012.30, Prince William County, Virginia",511539012301,1283,1033,1033,1015,18,0,250,51,153,901230,1
"Block Group 2, Census Tract 9012.30, Prince William County, Virginia",511539012302,1041,662,662,652,10,0,379,51,153,901230,2
"Block Group 1, Census Tract 9012.31, Prince William County, Virginia",511539012311,1218,746,738,720,18,8,472,51,153,901231,1
"Block Group 2, Census Tract 9012.31, Prince William County, Virginia",511539012312,912,616,616,578,38,0,296,51,153,901231,2
"Block Group 3, Census Tract 9012.31, Prince William County, Virginia",511539012313,1177,916,916,826,90,0,261,51,153,901231,3
"Block Group 4, Census Tract 9012.31, Prince William County, Virginia",511539012314,1555,854,854,843,11,0,701,51,153,901231,4
"Block Group 1, Census Tract 9012.32, Prince William County, Virginia",511539012321,1149,743,720,720,0,23,406,51,153,901232,1
"Block Group 2, Census Tract 9012.32, Prince William County, Virginia",511539012322,796,668,668,654,14,0,128,51,153,901232,2
"Block Group 3, Census Tract 9012.32, Prince William County, Virginia",511539012323,2788,1105,1105,1056,49,0,1683,51,153,901232,3
"Block Group 1, Census Tract 9012.33, Prince William County, Virginia",511539012331,1254,834,824,811,13,10,420,51,153,901233,1
"Block Group 2, Census Tract 9012.33, Prince William County, Virginia",511539012332,1508,1120,1083,1049,34,37,388,51,153,901233,2
"Block Group 3, Census Tract 9012.33, Prince William County, Virginia",511539012333,1480,1036,1036,983,53,0,444,51,153,901233,3
"Block Group 4, Census Tract 9012.33, Prince William County, Virginia",511539012334,1027,737,737,715,22,0,290,51,153,901233,4
"Block Group 1, Census Tract 9012.34, Prince William County, Virginia",511539012341,1584,1107,1083,1069,14,24,477,51,153,901234,1
"Block Group 2, Census Tract 9012.34, Prince William County, Virginia",511539012342,830,516,516,478,38,0,314,51,153,901234,2
"Block Group 1, Census Tract 9012.35, Prince William County, Virginia",511539012351,1398,1004,994,961,33,10,394,51,153,901235,1
"Block Group 2, Census Tract 9012.35, Prince William County, Virginia",511539012352,923,749,728,717,11,21,174,51,153,901235,2
"Block Group 2, Census Tract 9012.36, Prince William County, Virginia",511539012362,1268,1005,945,939,6,60,263,51,153,901236,2
"Block Group 3, Census Tract 9012.36, Prince William County, Virginia",511539012363,1531,1243,1204,1153,51,39,288,51,153,901236,3
"Block Group 1, Census Tract 9012.37, Prince William County, Virginia",511539012371,934,749,719,679,40,30,185,51,153,901237,1
"Block Group 2, Census Tract 9012.37, Prince William County, Virginia",511539012372,1267,1085,1065,967,98,20,182,51,153,901237,2
"Block Group 2, Census Tract 9013.03, Prince William County, Virginia",511539013032,788,635,635,607,28,0,153,51,153,901303,2
"Block Group 3, Census Tract 9013.03, Prince William County, Virginia",511539013033,1610,1183,1183,1183,0,0,427,51,153,901303,3
"Block Group 2, Census Tract 9013.04, Prince William County, Virginia",511539013042,705,461,461,446,15,0,244,51,153,901304,2
"Block Group 1, Census Tract 9013.05, Prince William County, Virginia",511539013051,1439,900,900,870,30,0,539,51,153,901305,1
"Block Group 1, Census Tract 9013.06, Prince William County, Virginia",511539013061,1061,772,763,736,27,9,289,51,153,901306,1
"Block Group 2, Census Tract 9013.06, Prince William County, Virginia",511539013062,630,479,479,472,7,0,151,51,153,901306,2
"Block Group 2, Census Tract 2004.08, Alexandria city, Virginia",515102004082,0,0,0,0,0,0,0,51,510,200408,2
"Block Group 3, Census Tract 2004.08, Alexandria city, Virginia",515102004083,440,417,391,391,0,26,23,51,510,200408,3
"Block Group 1, Census Tract 2004.09, Alexandria city, Virginia",515102004091,1514,1122,1103,1076,27,19,392,51,510,200409,1
"Block Group 2, Census Tract 2004.09, Alexandria city, Virginia",515102004092,1504,1425,1425,1364,61,0,79,51,510,200409,2
"Block Group 3, Census Tract 2004.09, Alexandria city, Virginia",515102004093,688,554,500,491,9,54,134,51,510,200409,3
"Block Group 4, Census Tract 2004.09, Alexandria city, Virginia",515102004094,1205,951,868,844,24,83,254,51,510,200409,4
"Block Group 1, Census Tract 2005, Alexandria city, Virginia",515102005001,1377,1122,1080,1080,0,42,255,51,510,200500,1
"Block Group 2, Census Tract 2005, Alexandria city, Virginia",515102005002,1148,987,917,875,42,70,161,51,510,200500,2
"Block Group 3, Census Tract 2005, Alexandria city, Virginia",515102005003,1025,866,825,747,78,41,159,51,510,200500,3
"Block Group 1, Census Tract 2006, Alexandria city, Virginia",515102006001,1242,1074,1016,931,85,58,168,51,510,200600,1
"Block Group 2, Census Tract 2006, Alexandria city, Virginia",515102006002,569,419,394,384,10,25,150,51,510,200600,2
"Block Group 3, Census Tract 2006, Alexandria city, Virginia",515102006003,914,604,604,566,38,0,310,51,510,200600,3
"Block Group 4, Census Tract 2006, Alexandria city, Virginia",515102006004,1276,1069,1033,963,70,36,207,51,510,200600,4
"Block Group 1, Census Tract 2007.01, Alexandria city, Virginia",515102007011,576,548,534,518,16,14,28,51,510,200701,1
"Block Group 1, Census Tract 2007.03, Alexandria city, Virginia",515102007031,1402,1049,1037,1037,0,12,353,51,510,200703,1
"Block Group 3, Census Tract 2007.03, Alexandria city, Virginia",515102007033,732,619,590,590,0,29,113,51,510,200703,3
"Block Group 4, Census Tract 2007.03, Alexandria city, Virginia",515102007034,164,164,164,164,0,0,0,51,510,200703,4
"Block Group 2, Census Tract 2007.04, Alexandria city, Virginia",515102007042,493,468,455,440,15,13,25,51,510,200704,2
"Block Group 3, Census Tract 2007.04, Alexandria city, Virginia",515102007043,993,899,886,879,7,13,94,51,510,200704,3
"Block Group 2, Census Tract 2007.05, Alexandria city, Virginia",515102007052,721,665,632,583,49,33,56,51,510,200705,2
"Block Group 3, Census Tract 2007.05, Alexandria city, Virginia",515102007053,684,526,507,507,0,19,158,51,510,200705,3
"Block Group 2, Census Tract 2008.01, Alexandria city, Virginia",515102008012,1177,897,878,864,14,19,280,51,510,200801,2
"Block Group 1, Census Tract 2008.02, Alexandria city, Virginia",515102008021,576,450,450,433,17,0,126,51,510,200802,1
"Block Group 3, Census Tract 2008.02, Alexandria city, Virginia",515102008023,788,721,721,721,0,0,67,51,510,200802,3
"Block Group 1, Census Tract 2009, Alexandria city, Virginia",515102009001,1028,825,813,759,54,12,203,51,510,200900,1
"Block Group 3, Census Tract 2009, Alexandria city, Virginia",515102009003,958,660,660,651,9,0,298,51,510,200900,3
"Block Group 4, Census Tract 2009, Alexandria city, Virginia",515102009004,946,682,651,642,9,31,264,51,510,200900,4
"Block Group 2, Census Tract 2010, Alexandria city, Virginia",515102010002,745,697,691,684,7,6,48,51,510,201000,2
"Block Group 3, Census Tract 2010, Alexandria city, Virginia",515102010003,995,806,800,791,9,6,189,51,510,201000,3
"Block Group 2, Census Tract 2011, Alexandria city, Virginia",515102011002,963,668,630,585,45,38,295,51,510,201100,2
"Block Group 3, Census Tract 2011, Alexandria city, Virginia",515102011003,633,458,446,446,0,12,175,51,510,201100,3
"Block Group 2, Census Tract 2012.02, Alexandria city, Virginia",515102012022,807,673,673,654,19,0,134,51,510,201202,2
"Block Group 3, Census Tract 2012.02, Alexandria city, Virginia",515102012023,538,439,439,431,8,0,99,51,510,201202,3
"Block Group 2, Census Tract 2012.04, Alexandria city, Virginia",515102012042,1627,1291,1229,1213,16,62,336,51,510,201204,2
"Block Group 2, Census Tract 2012.05, Alexandria city, Virginia",515102012052,972,688,688,678,10,0,284,51,510,201205,2
"Block Group 1, Census Tract 2012.06, Alexandria city, Virginia",515102012061,2301,1841,1841,1841,0,0,460,51,510,201206,1
"Block Group 3, Census Tract 2012.06, Alexandria city, Virginia",515102012063,1031,920,904,859,45,16,111,51,510,201206,3
"Block Group 1, Census Tract 2013, Alexandria city, Virginia",515102013001,624,489,481,481,0,8,135,51,510,201300,1
"Block Group 3, Census Tract 2013, Alexandria city, Virginia",515102013003,521,463,416,408,8,47,58,51,510,201300,3
"Block Group 1, Census Tract 2014, Alexandria city, Virginia",515102014001,844,742,726,715,11,16,102,51,510,201400,1
"Block Group 2, Census Tract 2014, Alexandria city, Virginia",515102014002,917,781,766,766,0,15,136,51,510,201400,2
"Block Group 1, Census Tract 38, Norfolk city, Virginia",517100038001,159,99,99,99,0,0,60,51,710,3800,1
"Block Group 2, Census Tract 38, Norfolk city, Virginia",517100038002,1170,723,697,675,22,26,447,51,710,3800,2
"Block Group 1, Census Tract 40.01, Norfolk city, Virginia",517100040011,1064,671,515,514,1,156,393,51,710,4001,1
"Block Group 1, Census Tract 40.02, Norfolk city, Virginia",517100040021,1195,1051,937,780,157,114,144,51,710,4002,1
"Block Group 3, Census Tract 40.02, Norfolk city, Virginia",517100040023,1552,955,808,808,0,147,597,51,710,4002,3
"Block Group 1, Census Tract 41, Norfolk city, Virginia",517100041001,1108,737,724,583,141,13,371,51,710,4100,1
"Block Group 2, Census Tract 42, Norfolk city, Virginia",517100042002,527,255,255,224,31,0,272,51,710,4200,2
"Block Group 2, Census Tract 43, Norfolk city, Virginia",517100043002,1096,651,622,571,51,29,445,51,710,4300,2
"Block Group 3, Census Tract 43, Norfolk city, Virginia",517100043003,305,98,98,98,0,0,207,51,710,4300,3
"Block Group 1, Census Tract 44, Norfolk city, Virginia",517100044001,415,318,318,277,41,0,97,51,710,4400,1
"Block Group 2, Census Tract 44, Norfolk city, Virginia",517100044002,838,541,520,507,13,21,297,51,710,4400,2
"Block Group 1, Census Tract 45, Norfolk city, Virginia",517100045001,1514,1032,1032,725,307,0,482,51,710,4500,1
"Block Group 1, Census Tract 46, Norfolk city, Virginia",517100046001,957,753,701,654,47,52,204,51,710,4600,1
"Block Group 1, Census Tract 47, Norfolk city, Virginia",517100047001,2452,1185,1185,1057,128,0,1267,51,710,4700,1
"Block Group 2, Census Tract 47, Norfolk city, Virginia",517100047002,311,216,216,181,35,0,95,51,710,4700,2
"Block Group 2, Census Tract 48, Norfolk city, Virginia",517100048002,0,0,0,0,0,0,0,51,710,4800,2
"Block Group 2, Census Tract 49, Norfolk city, Virginia",517100049002,1053,0,0,0,0,0,1053,51,710,4900,2
"Block Group 3, Census Tract 49, Norfolk city, Virginia",517100049003,2407,1951,1470,1397,73,481,456,51,710,4900,3
"Block Group 2, Census Tract 50, Norfolk city, Virginia",517100050002,862,502,469,430,39,33,360,51,710,5000,2
"Block Group 3, Census Tract 50, Norfolk city, Virginia",517100050003,784,367,367,345,22,0,417,51,710,5000,3
"Block Group 2, Census Tract 51, Norfolk city, Virginia",517100051002,1392,1047,1009,856,153,38,345,51,710,5100,2
"Block Group 3, Census Tract 51, Norfolk city, Virginia",517100051003,624,291,291,228,63,0,333,51,710,5100,3
"Block Group 1, Census Tract 55, Norfolk city, Virginia",517100055001,516,384,349,308,41,35,132,51,710,5500,1
"Block Group 2, Census Tract 55, Norfolk city, Virginia",517100055002,658,482,456,357,99,26,176,51,710,5500,2
"Block Group 1, Census Tract 56.01, Norfolk city, Virginia",517100056011,432,293,280,267,13,13,139,51,710,5601,1
"Block Group 2, Census Tract 56.01, Norfolk city, Virginia",517100056012,424,265,243,243,0,22,159,51,710,5601,2
"Block Group 3, Census Tract 56.01, Norfolk city, Virginia",517100056013,1044,730,693,693,0,37,314,51,710,5601,3
"Block Group 4, Census Tract 56.01, Norfolk city, Virginia",517100056014,1803,1257,1113,1084,29,144,546,51,710,5601,4
"Block Group 1, Census Tract 56.02, Norfolk city, Virginia",517100056021,1051,770,715,713,2,55,281,51,710,5602,1
"Block Group 2, Census Tract 56.02, Norfolk city, Virginia",517100056022,1024,664,616,592,24,48,360,51,710,5602,2
"Block Group 3, Census Tract 56.02, Norfolk city, Virginia",517100056023,603,430,394,378,16,36,173,51,710,5602,3
"Block Group 1, Census Tract 57.01, Norfolk city, Virginia",517100057011,1184,717,670,670,0,47,467,51,710,5701,1
"Block Group 2, Census Tract 57.01, Norfolk city, Virginia",517100057012,814,436,412,402,10,24,378,51,710,5701,2
"Block Group 3, Census Tract 57.01, Norfolk city, Virginia",517100057013,707,515,515,387,128,0,192,51,710,5701,3
"Block Group 4, Census Tract 57.01, Norfolk city, Virginia",517100057014,436,257,257,218,39,0,179,51,710,5701,4
"Block Group 1, Census Tract 57.02, Norfolk city, Virginia",517100057021,1505,1017,967,960,7,50,488,51,710,5702,1
"Block Group 2, Census Tract 57.02, Norfolk city, Virginia",517100057022,902,650,650,577,73,0,252,51,710,5702,2
"Block Group 1, Census Tract 58, Norfolk city, Virginia",517100058001,1016,586,575,515,60,11,430,51,710,5800,1
"Block Group 2, Census Tract 58, Norfolk city, Virginia",517100058002,1725,1204,1094,1088,6,110,521,51,710,5800,2
"Block Group 3, Census Tract 58, Norfolk city, Virginia",517100058003,831,715,670,400,270,45,116,51,710,5800,3
"Block Group 1, Census Tract 59.01, Norfolk city, Virginia",517100059011,775,517,517,517,0,0,258,51,710,5901,1
"Block Group 3, Census Tract 59.01, Norfolk city, Virginia",517100059013,755,491,474,459,15,17,264,51,710,5901,3
"Block Group 0, Census Tract 9901, Virginia Beach city, Virginia",518109901000,0,0,0,0,0,0,0,51,810,990100,0
"Block Group 1, Census Tract 32, Waynesboro city, Virginia",518200032001,924,574,574,568,6,0,350,51,820,3200,1
"Block Group 2, Census Tract 32, Waynesboro city, Virginia",518200032002,1427,906,906,857,49,0,521,51,820,3200,2
"Block Group 4, Census Tract 32, Waynesboro city, Virginia",518200032004,639,368,368,368,0,0,271,51,820,3200,4
"Block Group 1, Census Tract 33, Waynesboro city, Virginia",518200033001,575,425,425,398,27,0,150,51,820,3300,1
"Block Group 3, Census Tract 33, Waynesboro city, Virginia",518200033003,1728,1043,1043,992,51,0,685,51,820,3300,3
"Block Group 4, Census Tract 33, Waynesboro city, Virginia",518200033004,652,459,434,399,35,25,193,51,820,3300,4
"Block Group 2, Census Tract 34, Waynesboro city, Virginia",518200034002,1486,1118,1118,1085,33,0,368,51,820,3400,2
"Block Group 3, Census Tract 34, Waynesboro city, Virginia",518200034003,708,526,526,516,10,0,182,51,820,3400,3
"Block Group 4, Census Tract 34, Waynesboro city, Virginia",518200034004,598,414,414,392,22,0,184,51,820,3400,4
"Block Group 1, Census Tract 35, Waynesboro city, Virginia",518200035001,1337,736,695,695,0,41,601,51,820,3500,1
"Block Group 2, Census Tract 35, Waynesboro city, Virginia",518200035002,1211,580,580,580,0,0,631,51,820,3500,2
"Block Group 3, Census Tract 35, Waynesboro city, Virginia",518200035003,986,661,661,632,29,0,325,51,820,3500,3
"Block Group 4, Census Tract 35, Waynesboro city, Virginia",518200035004,1389,844,844,708,136,0,545,51,820,3500,4
"Block Group 1, Census Tract 3701, Williamsburg city, Virginia",518303701001,530,292,292,257,35,0,238,51,830,370100,1
"Block Group 2, Census Tract 3701, Williamsburg city, Virginia",518303701002,1138,672,648,629,19,24,466,51,830,370100,2
"Block Group 3, Census Tract 3701, Williamsburg city, Virginia",518303701003,1278,623,623,623,0,0,655,51,830,370100,3
"Block Group 4, Census Tract 3701, Williamsburg city, Virginia",518303701004,1218,559,559,458,101,0,659,51,830,370100,4
"Block Group 1, Census Tract 3702, Williamsburg city, Virginia",518303702001,570,440,440,418,22,0,130,51,830,370200,1
"Block Group 2, Census Tract 3702, Williamsburg city, Virginia",518303702002,664,434,427,416,11,7,230,51,830,370200,2
"Block Group 3, Census Tract 3702, Williamsburg city, Virginia",518303702003,1294,782,762,679,83,20,512,51,830,370200,3
"Block Group 1, Census Tract 3703, Williamsburg city, Virginia",518303703001,1716,1030,1018,1012,6,12,686,51,830,370300,1
"Block Group 2, Census Tract 3703, Williamsburg city, Virginia",518303703002,5296,2086,2077,1999,78,9,3210,51,830,370300,2
"Block Group 3, Census Tract 1.01, Winchester city, Virginia",518400001013,826,539,539,519,20,0,287,51,840,101,3
"Block Group 2, Census Tract 1.02, Winchester city, Virginia",518400001022,890,558,558,558,0,0,332,51,840,102,2
"Block Group 3, Census Tract 1.02, Winchester city, Virginia",518400001023,216,119,119,111,8,0,97,51,840,102,3
"Block Group 1, Census Tract 2.01, Winchester city, Virginia",518400002011,842,503,503,494,9,0,339,51,840,201,1
"Block Group 2, Census Tract 2.01, Winchester city, Virginia",518400002012,988,624,616,608,8,8,364,51,840,201,2
"Block Group 4, Census Tract 2.01, Winchester city, Virginia",518400002014,647,438,438,422,16,0,209,51,840,201,4
"Block Group 1, Census Tract 2.02, Winchester city, Virginia",518400002021,562,361,361,345,16,0,201,51,840,202,1
"Block Group 3, Census Tract 2.02, Winchester city, Virginia",518400002023,448,257,257,257,0,0,191,51,840,202,3
"Block Group 4, Census Tract 2.02, Winchester city, Virginia",518400002024,1244,598,561,561,0,37,646,51,840,202,4
"Block Group 6, Census Tract 2.02, Winchester city, Virginia",518400002026,901,549,549,549,0,0,352,51,840,202,6
"Block Group 1, Census Tract 3.01, Winchester city, Virginia",518400003011,455,293,293,284,9,0,162,51,840,301,1
"Block Group 3, Census Tract 3.01, Winchester city, Virginia",518400003013,436,323,323,323,0,0,113,51,840,301,3
"Block Group 4, Census Tract 3.01, Winchester city, Virginia",518400003014,785,564,564,560,4,0,221,51,840,301,4
"Block Group 2, Census Tract 3.02, Winchester city, Virginia",518400003022,1340,1093,1093,1002,91,0,247,51,840,302,2
"Block Group 3, Census Tract 3.02, Winchester city, Virginia",518400003023,1007,598,598,598,0,0,409,51,840,302,3
"Block Group 4, Census Tract 404.02, Botetourt County, Virginia",510230404024,1892,1158,1158,1148,10,0,734,51,23,40402,4
"Block Group 2, Census Tract 405.01, Botetourt County, Virginia",510230405012,1647,709,709,694,15,0,938,51,23,40501,2
"Block Group 3, Census Tract 405.01, Botetourt County, Virginia",510230405013,1628,1115,1115,1072,43,0,513,51,23,40501,3
"Block Group 2, Census Tract 405.02, Botetourt County, Virginia",510230405022,701,431,431,423,8,0,270,51,23,40502,2
"Block Group 1, Census Tract 9301, Brunswick County, Virginia",510259301001,304,149,149,134,15,0,155,51,25,930100,1
"Block Group 3, Census Tract 9301, Brunswick County, Virginia",510259301003,501,273,273,273,0,0,228,51,25,930100,3
"Block Group 4, Census Tract 9301, Brunswick County, Virginia",510259301004,745,369,369,363,6,0,376,51,25,930100,4
"Block Group 2, Census Tract 9302.01, Brunswick County, Virginia",510259302012,531,206,206,197,9,0,325,51,25,930201,2
"Block Group 1, Census Tract 9302.02, Brunswick County, Virginia",510259302021,1793,0,0,0,0,0,1793,51,25,930202,1
"Block Group 2, Census Tract 9302.03, Brunswick County, Virginia",510259302032,1282,909,909,857,52,0,373,51,25,930203,2
"Block Group 3, Census Tract 9302.03, Brunswick County, Virginia",510259302033,1353,772,772,661,111,0,581,51,25,930203,3
"Block Group 1, Census Tract 9303.01, Brunswick County, Virginia",510259303011,793,466,466,443,23,0,327,51,25,930301,1
"Block Group 2, Census Tract 9303.01, Brunswick County, Virginia",510259303012,528,305,305,305,0,0,223,51,25,930301,2
"Block Group 2, Census Tract 9303.02, Brunswick County, Virginia",510259303022,761,479,479,402,77,0,282,51,25,930302,2
"Block Group 3, Census Tract 9303.02, Brunswick County, Virginia",510259303023,985,425,425,400,25,0,560,51,25,930302,3
"Block Group 2, Census Tract 101, Buchanan County, Virginia",510270101002,572,259,259,241,18,0,313,51,27,10100,2
"Block Group 3, Census Tract 101, Buchanan County, Virginia",510270101003,266,74,74,74,0,0,192,51,27,10100,3
"Block Group 1, Census Tract 102, Buchanan County, Virginia",510270102001,711,157,157,147,10,0,554,51,27,10200,1
"Block Group 3, Census Tract 102, Buchanan County, Virginia",510270102003,583,217,217,205,12,0,366,51,27,10200,3
"Block Group 4, Census Tract 102, Buchanan County, Virginia",510270102004,376,126,126,126,0,0,250,51,27,10200,4
"Block Group 2, Census Tract 103, Buchanan County, Virginia",510270103002,1247,400,400,376,24,0,847,51,27,10300,2
"Block Group 3, Census Tract 103, Buchanan County, Virginia",510270103003,523,328,328,328,0,0,195,51,27,10300,3
"Block Group 2, Census Tract 104, Buchanan County, Virginia",510270104002,698,294,294,289,5,0,404,51,27,10400,2
"Block Group 2, Census Tract 105, Buchanan County, Virginia",510270105002,332,93,93,93,0,0,239,51,27,10500,2
"Block Group 1, Census Tract 106, Buchanan County, Virginia",510270106001,531,299,299,299,0,0,232,51,27,10600,1
"Block Group 2, Census Tract 106, Buchanan County, Virginia",510270106002,1050,263,263,198,65,0,787,51,27,10600,2
"Block Group 3, Census Tract 106, Buchanan County, Virginia",510270106003,783,447,447,438,9,0,336,51,27,10600,3
"Block Group 4, Census Tract 106, Buchanan County, Virginia",510270106004,1060,357,357,344,13,0,703,51,27,10600,4
"Block Group 1, Census Tract 107, Buchanan County, Virginia",510270107001,779,149,149,142,7,0,630,51,27,10700,1
"Block Group 2, Census Tract 107, Buchanan County, Virginia",510270107002,899,196,196,165,31,0,703,51,27,10700,2
"Block Group 3, Census Tract 107, Buchanan County, Virginia",510270107003,504,151,151,143,8,0,353,51,27,10700,3
"Block Group 4, Census Tract 107, Buchanan County, Virginia",510270107004,867,268,268,236,32,0,599,51,27,10700,4
"Block Group 1, Census Tract 9301.01, Buckingham County, Virginia",510299301011,666,279,279,255,24,0,387,51,29,930101,1
"Block Group 2, Census Tract 9301.01, Buckingham County, Virginia",510299301012,706,435,435,429,6,0,271,51,29,930101,2
"Block Group 3, Census Tract 9301.01, Buckingham County, Virginia",510299301013,1528,737,737,635,102,0,791,51,29,930101,3
"Block Group 1, Census Tract 9301.02, Buckingham County, Virginia",510299301021,759,487,487,459,28,0,272,51,29,930102,1
"Block Group 2, Census Tract 9301.02, Buckingham County, Virginia",510299301022,713,536,536,499,37,0,177,51,29,930102,2
"Block Group 3, Census Tract 9301.02, Buckingham County, Virginia",510299301023,1045,447,447,435,12,0,598,51,29,930102,3
"Block Group 2, Census Tract 9302.01, Buckingham County, Virginia",510299302012,1453,855,855,819,36,0,598,51,29,930201,2
"Block Group 3, Census Tract 9302.01, Buckingham County, Virginia",510299302013,864,541,541,514,27,0,323,51,29,930201,3
"Block Group 2, Census Tract 9302.02, Buckingham County, Virginia",510299302022,1322,740,740,653,87,0,582,51,29,930202,2
"Block Group 1, Census Tract 4803.02, Fairfax County, Virginia",510594803021,439,279,279,279,0,0,160,51,59,480302,1
"Block Group 2, Census Tract 4803.02, Fairfax County, Virginia",510594803022,906,536,536,484,52,0,370,51,59,480302,2
"Block Group 1, Census Tract 4804.01, Fairfax County, Virginia",510594804011,1242,715,715,697,18,0,527,51,59,480401,1
"Block Group 2, Census Tract 4804.01, Fairfax County, Virginia",510594804012,2258,1472,1456,1398,58,16,786,51,59,480401,2
"Block Group 2, Census Tract 4804.02, Fairfax County, Virginia",510594804022,1624,1008,1008,949,59,0,616,51,59,480402,2
"Block Group 3, Census Tract 4804.02, Fairfax County, Virginia",510594804023,853,546,546,531,15,0,307,51,59,480402,3
"Block Group 2, Census Tract 4805.01, Fairfax County, Virginia",510594805012,825,533,528,511,17,5,292,51,59,480501,2
"Block Group 3, Census Tract 4805.01, Fairfax County, Virginia",510594805013,984,697,697,697,0,0,287,51,59,480501,3
"Block Group 3, Census Tract 4805.02, Fairfax County, Virginia",510594805023,1790,1330,1330,1306,24,0,460,51,59,480502,3
"Block Group 2, Census Tract 4805.03, Fairfax County, Virginia",510594805032,1640,1264,1264,1257,7,0,376,51,59,480503,2
"Block Group 1, Census Tract 4805.04, Fairfax County, Virginia",510594805041,1416,1021,1001,961,40,20,395,51,59,480504,1
"Block Group 1, Census Tract 4805.05, Fairfax County, Virginia",510594805051,987,845,818,768,50,27,142,51,59,480505,1
"Block Group 2, Census Tract 4805.05, Fairfax County, Virginia",510594805052,892,807,796,796,0,11,85,51,59,480505,2
"Block Group 3, Census Tract 4805.05, Fairfax County, Virginia",510594805053,623,500,500,500,0,0,123,51,59,480505,3
"Block Group 1, Census Tract 4808.01, Fairfax County, Virginia",510594808011,1406,1245,1245,1218,27,0,161,51,59,480801,1
"Block Group 2, Census Tract 4808.01, Fairfax County, Virginia",510594808012,2227,1846,1846,1752,94,0,381,51,59,480801,2
"Block Group 3, Census Tract 4808.01, Fairfax County, Virginia",510594808013,1392,1235,1235,1228,7,0,157,51,59,480801,3
"Block Group 1, Census Tract 4808.02, Fairfax County, Virginia",510594808021,750,535,535,524,11,0,215,51,59,480802,1
"Block Group 2, Census Tract 4808.02, Fairfax County, Virginia",510594808022,1530,1063,1063,1043,20,0,467,51,59,480802,2
"Block Group 3, Census Tract 4808.02, Fairfax County, Virginia",510594808023,635,457,457,457,0,0,178,51,59,480802,3
"Block Group 1, Census Tract 4809.01, Fairfax County, Virginia",510594809011,787,613,613,605,8,0,174,51,59,480901,1
"Block Group 2, Census Tract 4809.01, Fairfax County, Virginia",510594809012,1508,1303,1293,1278,15,10,205,51,59,480901,2
"Block Group 3, Census Tract 4809.01, Fairfax County, Virginia",510594809013,1822,1428,1408,1367,41,20,394,51,59,480901,3
"Block Group 4, Census Tract 4809.01, Fairfax County, Virginia",510594809014,782,408,408,408,0,0,374,51,59,480901,4
"Block Group 2, Census Tract 4809.02, Fairfax County, Virginia",510594809022,925,752,752,736,16,0,173,51,59,480902,2
"Block Group 1, Census Tract 4809.03, Fairfax County, Virginia",510594809031,795,633,633,633,0,0,162,51,59,480903,1
"Block Group 3, Census Tract 4809.03, Fairfax County, Virginia",510594809033,1343,1012,1012,995,17,0,331,51,59,480903,3
"Block Group 1, Census Tract 4810, Fairfax County, Virginia",510594810001,1911,1523,1523,1483,40,0,388,51,59,481000,1
"Block Group 1, Census Tract 4811.01, Fairfax County, Virginia",510594811011,1051,887,887,841,46,0,164,51,59,481101,1
"Block Group 2, Census Tract 4811.01, Fairfax County, Virginia",510594811012,1049,953,953,919,34,0,96,51,59,481101,2
"Block Group 2, Census Tract 4811.02, Fairfax County, Virginia",510594811022,476,424,424,367,57,0,52,51,59,481102,2
"Block Group 1, Census Tract 4811.03, Fairfax County, Virginia",510594811031,1174,915,915,915,0,0,259,51,59,481103,1
"Block Group 1, Census Tract 4811.04, Fairfax County, Virginia",510594811041,1296,977,962,962,0,15,319,51,59,481104,1
"Block Group 2, Census Tract 4811.04, Fairfax County, Virginia",510594811042,617,517,517,494,23,0,100,51,59,481104,2
"Block Group 1, Census Tract 4811.05, Fairfax County, Virginia",510594811051,1411,1103,1103,1069,34,0,308,51,59,481105,1
"Block Group 2, Census Tract 4811.05, Fairfax County, Virginia",510594811052,1423,1173,1163,1108,55,10,250,51,59,481105,2
"Block Group 1, Census Tract 4811.06, Fairfax County, Virginia",510594811061,726,442,442,430,12,0,284,51,59,481106,1
"Block Group 2, Census Tract 4811.06, Fairfax County, Virginia",510594811062,2009,1597,1597,1570,27,0,412,51,59,481106,2
"Block Group 1, Census Tract 4812.01, Fairfax County, Virginia",510594812011,1025,733,733,689,44,0,292,51,59,481201,1
"Block Group 1, Census Tract 4812.02, Fairfax County, Virginia",510594812021,1489,1163,1163,1127,36,0,326,51,59,481202,1
"Block Group 3, Census Tract 4812.02, Fairfax County, Virginia",510594812023,2129,1694,1694,1488,206,0,435,51,59,481202,3
"Block Group 1, Census Tract 802.05, James City County, Virginia",510950802051,1298,765,757,732,25,8,533,51,95,80205,1
"Block Group 2, Census Tract 802.05, James City County, Virginia",510950802052,507,150,150,136,14,0,357,51,95,80205,2
"Block Group 1, Census Tract 802.07, James City County, Virginia",510950802071,1118,741,722,722,0,19,377,51,95,80207,1
"Block Group 2, Census Tract 802.07, James City County, Virginia",510950802072,1080,263,263,243,20,0,817,51,95,80207,2
"Block Group 1, Census Tract 802.08, James City County, Virginia",510950802081,1023,636,606,529,77,30,387,51,95,80208,1
"Block Group 2, Census Tract 802.08, James City County, Virginia",510950802082,1985,538,538,538,0,0,1447,51,95,80208,2
"Block Group 2, Census Tract 802.09, James City County, Virginia",510950802092,2099,1093,1064,937,127,29,1006,51,95,80209,2
"Block Group 1, Census Tract 803.04, James City County, Virginia",510950803041,1917,1591,1566,1520,46,25,326,51,95,80304,1
"Block Group 3, Census Tract 803.04, James City County, Virginia",510950803043,1346,604,595,582,13,9,742,51,95,80304,3
"Block Group 1, Census Tract 803.05, James City County, Virginia",510950803051,1135,596,596,596,0,0,539,51,95,80305,1
"Block Group 3, Census Tract 803.05, James City County, Virginia",510950803053,1322,903,855,845,10,48,419,51,95,80305,3
"Block Group 1, Census Tract 803.06, James City County, Virginia",510950803061,1730,1235,1235,1235,0,0,495,51,95,80306,1
"Block Group 1, Census Tract 803.07, James City County, Virginia",510950803071,1464,703,703,616,87,0,761,51,95,80307,1
"Block Group 2, Census Tract 803.07, James City County, Virginia",510950803072,1125,747,747,689,58,0,378,51,95,80307,2
"Block Group 1, Census Tract 803.08, James City County, Virginia",510950803081,2527,1853,1835,1835,0,18,674,51,95,80308,1
"Block Group 2, Census Tract 803.08, James City County, Virginia",510950803082,1205,709,709,686,23,0,496,51,95,80308,2
"Block Group 2, Census Tract 804.02, James City County, Virginia",510950804022,1388,957,957,942,15,0,431,51,95,80402,2
"Block Group 3, Census Tract 804.02, James City County, Virginia",510950804023,1858,907,899,781,118,8,951,51,95,80402,3
"Block Group 1, Census Tract 804.03, James City County, Virginia",510950804031,620,337,337,325,12,0,283,51,95,80403,1
"Block Group 2, Census Tract 804.03, James City County, Virginia",510950804032,1276,969,892,819,73,77,307,51,95,80403,2
"Block Group 1, Census Tract 804.04, James City County, Virginia",510950804041,1874,1044,1044,1044,0,0,830,51,95,80404,1
"Block Group 2, Census Tract 804.04, James City County, Virginia",510950804042,1425,717,717,653,64,0,708,51,95,80404,2
"Block Group 2, Census Tract 9504, King and Queen County, Virginia",510979504002,1341,805,805,703,102,0,536,51,97,950400,2
"Block Group 3, Census Tract 9504, King and Queen County, Virginia",510979504003,694,402,402,381,21,0,292,51,97,950400,3
"Block Group 2, Census Tract 9505, King and Queen County, Virginia",510979505002,1877,1174,1174,1174,0,0,703,51,97,950500,2
"Block Group 1, Census Tract 401, King George County, Virginia",510990401001,2548,1751,1704,1675,29,47,797,51,99,40100,1
"Block Group 3, Census Tract 401, King George County, Virginia",510990401003,531,390,128,122,6,262,141,51,99,40100,3
"Block Group 1, Census Tract 402, King George County, Virginia",510990402001,1118,811,811,763,48,0,307,51,99,40200,1
"Block Group 3, Census Tract 402, King George County, Virginia",510990402003,1428,946,946,901,45,0,482,51,99,40200,3
"Block Group 1, Census Tract 403.01, King George County, Virginia",510990403011,1438,909,906,858,48,3,529,51,99,40301,1
"Block Group 2, Census Tract 403.01, King George County, Virginia",510990403012,2365,1630,1547,1469,78,83,735,51,99,40301,2
"Block Group 1, Census Tract 403.02, King George County, Virginia",510990403021,1008,691,691,656,35,0,317,51,99,40302,1
"Block Group 2, Census Tract 403.02, King George County, Virginia",510990403022,1072,667,667,643,24,0,405,51,99,40302,2
"Block Group 1, Census Tract 404, King George County, Virginia",510990404001,1106,703,703,703,0,0,403,51,99,40400,1
"Block Group 2, Census Tract 404, King George County, Virginia",510990404002,1842,1345,1317,1263,54,28,497,51,99,40400,2
"Block Group 3, Census Tract 404, King George County, Virginia",510990404003,1104,848,829,821,8,19,256,51,99,40400,3
"Block Group 1, Census Tract 405, King George County, Virginia",510990405001,1456,1061,1061,972,89,0,395,51,99,40500,1
"Block Group 2, Census Tract 405, King George County, Virginia",510990405002,1402,794,778,771,7,16,608,51,99,40500,2
"Block Group 1, Census Tract 9501.01, King William County, Virginia",511019501011,1358,920,920,914,6,0,438,51,101,950101,1
"Block Group 2, Census Tract 9501.01, King William County, Virginia",511019501012,1308,896,896,847,49,0,412,51,101,950101,2
"Block Group 4, Census Tract 9013.06, Prince William County, Virginia",511539013064,1048,695,684,672,12,11,353,51,153,901306,4
"Block Group 1, Census Tract 9014.03, Prince William County, Virginia",511539014031,2100,1144,1144,1046,98,0,956,51,153,901403,1
"Block Group 3, Census Tract 9014.03, Prince William County, Virginia",511539014033,626,362,362,334,28,0,264,51,153,901403,3
"Block Group 4, Census Tract 9014.03, Prince William County, Virginia",511539014034,1251,1021,1021,989,32,0,230,51,153,901403,4
"Block Group 2, Census Tract 9014.07, Prince William County, Virginia",511539014072,1568,1252,1252,1241,11,0,316,51,153,901407,2
"Block Group 1, Census Tract 9014.09, Prince William County, Virginia",511539014091,0,0,0,0,0,0,0,51,153,901409,1
"Block Group 3, Census Tract 9014.09, Prince William County, Virginia",511539014093,0,0,0,0,0,0,0,51,153,901409,3
"Block Group 4, Census Tract 9014.09, Prince William County, Virginia",511539014094,1038,877,877,828,49,0,161,51,153,901409,4
"Block Group 6, Census Tract 9014.09, Prince William County, Virginia",511539014096,1329,853,853,853,0,0,476,51,153,901409,6
"Block Group 7, Census Tract 9014.09, Prince William County, Virginia",511539014097,1638,1301,1262,1246,16,39,337,51,153,901409,7
"Block Group 1, Census Tract 9014.11, Prince William County, Virginia",511539014111,867,536,536,505,31,0,331,51,153,901411,1
"Block Group 2, Census Tract 9014.11, Prince William County, Virginia",511539014112,435,248,248,248,0,0,187,51,153,901411,2
"Block Group 4, Census Tract 9014.11, Prince William County, Virginia",511539014114,1517,1005,1000,961,39,5,512,51,153,901411,4
"Block Group 1, Census Tract 9014.12, Prince William County, Virginia",511539014121,1700,1235,1201,1116,85,34,465,51,153,901412,1
"Block Group 3, Census Tract 9014.12, Prince William County, Virginia",511539014123,1412,1149,1149,1034,115,0,263,51,153,901412,3
"Block Group 1, Census Tract 9014.13, Prince William County, Virginia",511539014131,544,445,437,437,0,8,99,51,153,901413,1
"Block Group 3, Census Tract 9014.13, Prince William County, Virginia",511539014133,1336,984,972,859,113,12,352,51,153,901413,3
"Block Group 1, Census Tract 9014.14, Prince William County, Virginia",511539014141,1894,1438,1434,1411,23,4,456,51,153,901414,1
"Block Group 2, Census Tract 9014.14, Prince William County, Virginia",511539014142,997,638,638,638,0,0,359,51,153,901414,2
"Block Group 3, Census Tract 9014.14, Prince William County, Virginia",511539014143,961,688,682,625,57,6,273,51,153,901414,3
"Block Group 1, Census Tract 9014.15, Prince William County, Virginia",511539014151,1013,909,901,872,29,8,104,51,153,901415,1
"Block Group 2, Census Tract 9014.15, Prince William County, Virginia",511539014152,2161,1847,1835,1709,126,12,314,51,153,901415,2
"Block Group 1, Census Tract 9014.16, Prince William County, Virginia",511539014161,1250,1072,1072,1044,28,0,178,51,153,901416,1
"Block Group 2, Census Tract 9014.16, Prince William County, Virginia",511539014162,1302,909,903,832,71,6,393,51,153,901416,2
"Block Group 3, Census Tract 9014.16, Prince William County, Virginia",511539014163,710,610,610,580,30,0,100,51,153,901416,3
"Block Group 1, Census Tract 9014.17, Prince William County, Virginia",511539014171,1438,1073,1073,1049,24,0,365,51,153,901417,1
"Block Group 2, Census Tract 9014.17, Prince William County, Virginia",511539014172,613,449,449,449,0,0,164,51,153,901417,2
"Block Group 1, Census Tract 9014.18, Prince William County, Virginia",511539014181,742,668,668,618,50,0,74,51,153,901418,1
"Block Group 2, Census Tract 9014.18, Prince William County, Virginia",511539014182,0,0,0,0,0,0,0,51,153,901418,2
"Block Group 3, Census Tract 9014.18, Prince William County, Virginia",511539014183,2447,2157,2157,2157,0,0,290,51,153,901418,3
"Block Group 1, Census Tract 9014.19, Prince William County, Virginia",511539014191,2818,2166,2166,2103,63,0,652,51,153,901419,1
"Block Group 2, Census Tract 9014.20, Prince William County, Virginia",511539014202,1510,1160,1147,1126,21,13,350,51,153,901420,2
"Block Group 1, Census Tract 9014.21, Prince William County, Virginia",511539014211,1759,1446,1446,1446,0,0,313,51,153,901421,1
"Block Group 3, Census Tract 9014.21, Prince William County, Virginia",511539014213,1390,1222,1209,1110,99,13,168,51,153,901421,3
"Block Group 1, Census Tract 9015.03, Prince William County, Virginia",511539015031,1122,783,783,764,19,0,339,51,153,901503,1
"Block Group 3, Census Tract 9015.03, Prince William County, Virginia",511539015033,1411,980,980,971,9,0,431,51,153,901503,3
"Block Group 4, Census Tract 9015.03, Prince William County, Virginia",511539015034,599,362,362,330,32,0,237,51,153,901503,4
"Block Group 2, Census Tract 9015.04, Prince William County, Virginia",511539015042,817,157,157,157,0,0,660,51,153,901504,2
"Block Group 3, Census Tract 9015.04, Prince William County, Virginia",511539015043,957,276,276,245,31,0,681,51,153,901504,3
"Block Group 4, Census Tract 2014, Alexandria city, Virginia",515102014004,958,750,730,709,21,20,208,51,510,201400,4
"Block Group 1, Census Tract 2015, Alexandria city, Virginia",515102015001,1224,639,626,626,0,13,585,51,510,201500,1
"Block Group 2, Census Tract 2015, Alexandria city, Virginia",515102015002,871,638,591,585,6,47,233,51,510,201500,2
"Block Group 3, Census Tract 2015, Alexandria city, Virginia",515102015003,1282,1004,945,934,11,59,278,51,510,201500,3
"Block Group 1, Census Tract 2016.01, Alexandria city, Virginia",515102016011,1130,822,723,723,0,99,308,51,510,201601,1
"Block Group 2, Census Tract 2016.01, Alexandria city, Virginia",515102016012,653,369,369,353,16,0,284,51,510,201601,2
"Block Group 3, Census Tract 2016.01, Alexandria city, Virginia",515102016013,573,525,476,444,32,49,48,51,510,201601,3
"Block Group 4, Census Tract 2016.01, Alexandria city, Virginia",515102016014,685,623,583,518,65,40,62,51,510,201601,4
"Block Group 1, Census Tract 2016.02, Alexandria city, Virginia",515102016021,928,857,844,789,55,13,71,51,510,201602,1
"Block Group 2, Census Tract 2016.02, Alexandria city, Virginia",515102016022,234,221,221,187,34,0,13,51,510,201602,2
"Block Group 3, Census Tract 2016.02, Alexandria city, Virginia",515102016023,1339,1077,1018,1002,16,59,262,51,510,201602,3
"Block Group 1, Census Tract 2018.02, Alexandria city, Virginia",515102018021,800,414,378,356,22,36,386,51,510,201802,1
"Block Group 2, Census Tract 2018.02, Alexandria city, Virginia",515102018022,899,585,569,569,0,16,314,51,510,201802,2
"Block Group 1, Census Tract 2018.03, Alexandria city, Virginia",515102018031,384,270,270,270,0,0,114,51,510,201803,1
"Block Group 2, Census Tract 2018.03, Alexandria city, Virginia",515102018032,1666,1384,1324,1312,12,60,282,51,510,201803,2
"Block Group 1, Census Tract 2018.04, Alexandria city, Virginia",515102018041,1053,797,726,703,23,71,256,51,510,201804,1
"Block Group 3, Census Tract 2018.04, Alexandria city, Virginia",515102018043,853,709,709,709,0,0,144,51,510,201804,3
"Block Group 1, Census Tract 2018.05, Alexandria city, Virginia",515102018051,738,456,385,385,0,71,282,51,510,201805,1
"Block Group 3, Census Tract 2018.05, Alexandria city, Virginia",515102018053,1456,1304,1276,1262,14,28,152,51,510,201805,3
"Block Group 4, Census Tract 2018.05, Alexandria city, Virginia",515102018054,192,131,131,131,0,0,61,51,510,201805,4
"Block Group 2, Census Tract 2019, Alexandria city, Virginia",515102019002,1029,918,918,893,25,0,111,51,510,201900,2
"Block Group 1, Census Tract 2020.01, Alexandria city, Virginia",515102020011,664,516,502,490,12,14,148,51,510,202001,1
"Block Group 3, Census Tract 2020.01, Alexandria city, Virginia",515102020013,569,455,441,413,28,14,114,51,510,202001,3
"Block Group 1, Census Tract 2020.02, Alexandria city, Virginia",515102020021,1392,1011,931,931,0,80,381,51,510,202002,1
"Block Group 1, Census Tract 9800, Alexandria city, Virginia",515109800001,0,0,0,0,0,0,0,51,510,980000,1
"Block Group 1, Census Tract 201, Bristol city, Virginia",515200201001,1143,705,705,699,6,0,438,51,520,20100,1
"Block Group 3, Census Tract 201, Bristol city, Virginia",515200201003,1234,532,532,506,26,0,702,51,520,20100,3
"Block Group 1, Census Tract 202.01, Bristol city, Virginia",515200202011,744,393,393,351,42,0,351,51,520,20201,1
"Block Group 3, Census Tract 202.01, Bristol city, Virginia",515200202013,732,153,153,153,0,0,579,51,520,20201,3
"Block Group 1, Census Tract 202.02, Bristol city, Virginia",515200202021,1540,1123,1123,1086,37,0,417,51,520,20202,1
"Block Group 1, Census Tract 203, Bristol city, Virginia",515200203001,824,422,422,348,74,0,402,51,520,20300,1
"Block Group 2, Census Tract 203, Bristol city, Virginia",515200203002,588,220,220,220,0,0,368,51,520,20300,2
"Block Group 1, Census Tract 204, Bristol city, Virginia",515200204001,1184,645,645,591,54,0,539,51,520,20400,1
"Block Group 2, Census Tract 204, Bristol city, Virginia",515200204002,929,849,849,669,180,0,80,51,520,20400,2
"Block Group 4, Census Tract 204, Bristol city, Virginia",515200204004,1552,869,869,832,37,0,683,51,520,20400,4
"Block Group 2, Census Tract 9306.01, Buena Vista city, Virginia",515309306012,1166,699,699,673,26,0,467,51,530,930601,2
"Block Group 2, Census Tract 9306.02, Buena Vista city, Virginia",515309306022,1636,884,884,864,20,0,752,51,530,930602,2
"Block Group 1, Census Tract 2.01, Charlottesville city, Virginia",515400002011,634,433,433,405,28,0,201,51,540,201,1
"Block Group 3, Census Tract 2.01, Charlottesville city, Virginia",515400002013,1333,792,792,708,84,0,541,51,540,201,3
"Block Group 1, Census Tract 2.02, Charlottesville city, Virginia",515400002021,1078,780,780,752,28,0,298,51,540,202,1
"Block Group 3, Census Tract 2.02, Charlottesville city, Virginia",515400002023,1748,669,669,602,67,0,1079,51,540,202,3
"Block Group 4, Census Tract 59.01, Norfolk city, Virginia",517100059014,1394,964,854,815,39,110,430,51,710,5901,4
"Block Group 2, Census Tract 59.02, Norfolk city, Virginia",517100059022,901,671,657,561,96,14,230,51,710,5902,2
"Block Group 3, Census Tract 59.02, Norfolk city, Virginia",517100059023,289,180,167,160,7,13,109,51,710,5902,3
"Block Group 1, Census Tract 59.03, Norfolk city, Virginia",517100059031,718,585,585,585,0,0,133,51,710,5903,1
"Block Group 2, Census Tract 59.03, Norfolk city, Virginia",517100059032,632,411,389,340,49,22,221,51,710,5903,2
"Block Group 2, Census Tract 60, Norfolk city, Virginia",517100060002,860,636,568,510,58,68,224,51,710,6000,2
"Block Group 3, Census Tract 60, Norfolk city, Virginia",517100060003,1302,855,855,766,89,0,447,51,710,6000,3
"Block Group 2, Census Tract 61, Norfolk city, Virginia",517100061002,1891,1574,1434,1345,89,140,317,51,710,6100,2
"Block Group 3, Census Tract 61, Norfolk city, Virginia",517100061003,1228,667,600,575,25,67,561,51,710,6100,3
"Block Group 5, Census Tract 61, Norfolk city, Virginia",517100061005,420,243,235,219,16,8,177,51,710,6100,5
"Block Group 1, Census Tract 62, Norfolk city, Virginia",517100062001,878,657,657,589,68,0,221,51,710,6200,1
"Block Group 1, Census Tract 64, Norfolk city, Virginia",517100064001,1231,913,868,779,89,45,318,51,710,6400,1
"Block Group 1, Census Tract 65.01, Norfolk city, Virginia",517100065011,929,728,688,635,53,40,201,51,710,6501,1
"Block Group 2, Census Tract 65.01, Norfolk city, Virginia",517100065012,790,700,682,569,113,18,90,51,710,6501,2
"Block Group 1, Census Tract 65.02, Norfolk city, Virginia",517100065021,531,407,351,343,8,56,124,51,710,6502,1
"Block Group 2, Census Tract 65.02, Norfolk city, Virginia",517100065022,1034,884,569,569,0,315,150,51,710,6502,2
"Block Group 4, Census Tract 65.02, Norfolk city, Virginia",517100065024,1287,1188,1135,1030,105,53,99,51,710,6502,4
"Block Group 1, Census Tract 66.01, Norfolk city, Virginia",517100066011,430,197,176,166,10,21,233,51,710,6601,1
"Block Group 1, Census Tract 66.03, Norfolk city, Virginia",517100066031,918,519,507,474,33,12,399,51,710,6603,1
"Block Group 1, Census Tract 66.04, Norfolk city, Virginia",517100066041,494,335,297,285,12,38,159,51,710,6604,1
"Block Group 2, Census Tract 66.04, Norfolk city, Virginia",517100066042,1447,1097,963,870,93,134,350,51,710,6604,2
"Block Group 2, Census Tract 66.05, Norfolk city, Virginia",517100066052,1308,866,725,681,44,141,442,51,710,6605,2
"Block Group 1, Census Tract 66.06, Norfolk city, Virginia",517100066061,1276,979,765,730,35,214,297,51,710,6606,1
"Block Group 3, Census Tract 66.06, Norfolk city, Virginia",517100066063,428,212,212,211,1,0,216,51,710,6606,3
"Block Group 4, Census Tract 66.06, Norfolk city, Virginia",517100066064,434,231,196,196,0,35,203,51,710,6606,4
"Block Group 2, Census Tract 66.07, Norfolk city, Virginia",517100066072,660,311,277,277,0,34,349,51,710,6607,2
"Block Group 1, Census Tract 68, Norfolk city, Virginia",517100068001,1405,937,854,812,42,83,468,51,710,6800,1
"Block Group 1, Census Tract 69.01, Norfolk city, Virginia",517100069011,359,258,258,233,25,0,101,51,710,6901,1
"Block Group 2, Census Tract 69.01, Norfolk city, Virginia",517100069012,567,392,392,371,21,0,175,51,710,6901,2
"Block Group 3, Census Tract 69.01, Norfolk city, Virginia",517100069013,1531,1189,1036,972,64,153,342,51,710,6901,3
"Block Group 1, Census Tract 69.02, Norfolk city, Virginia",517100069021,1145,622,604,568,36,18,523,51,710,6902,1
"Block Group 2, Census Tract 69.02, Norfolk city, Virginia",517100069022,1175,894,814,785,29,80,281,51,710,6902,2
"Block Group 1, Census Tract 70.01, Norfolk city, Virginia",517100070011,1748,1504,1407,1396,11,97,244,51,710,7001,1
"Block Group 1, Census Tract 70.02, Norfolk city, Virginia",517100070021,1640,1189,1044,826,218,145,451,51,710,7002,1
"Block Group 2, Census Tract 70.02, Norfolk city, Virginia",517100070022,1685,1255,1187,1132,55,68,430,51,710,7002,2
"Block Group 1, Census Tract 9801, Norfolk city, Virginia",517109801001,0,0,0,0,0,0,0,51,710,980100,1
"Block Group 1, Census Tract 9802, Norfolk city, Virginia",517109802001,0,0,0,0,0,0,0,51,710,980200,1
"Block Group 1, Census Tract 9803, Norfolk city, Virginia",517109803001,0,0,0,0,0,0,0,51,710,980300,1
"Block Group 0, Census Tract 9900, Norfolk city, Virginia",517109900000,0,0,0,0,0,0,0,51,710,990000,0
"Block Group 2, Census Tract 9601, Norton city, Virginia",517209601002,1018,462,462,361,101,0,556,51,720,960100,2
"Block Group 4, Census Tract 9601, Norton city, Virginia",517209601004,430,176,176,176,0,0,254,51,720,960100,4
"Block Group 1, Census Tract 8101, Petersburg city, Virginia",517308101001,657,309,309,251,58,0,348,51,730,810100,1
"Block Group 3, Census Tract 9302.02, Buckingham County, Virginia",510299302023,1215,732,732,714,18,0,483,51,29,930202,3
"Block Group 2, Census Tract 201.01, Campbell County, Virginia",510310201012,2740,1528,1528,1528,0,0,1212,51,31,20101,2
"Block Group 1, Census Tract 201.02, Campbell County, Virginia",510310201021,4071,2398,2398,2306,92,0,1673,51,31,20102,1
"Block Group 2, Census Tract 202, Campbell County, Virginia",510310202002,1584,939,939,939,0,0,645,51,31,20200,2
"Block Group 1, Census Tract 203, Campbell County, Virginia",510310203001,659,442,442,403,39,0,217,51,31,20300,1
"Block Group 3, Census Tract 203, Campbell County, Virginia",510310203003,1765,1058,1026,995,31,32,707,51,31,20300,3
"Block Group 1, Census Tract 204.02, Campbell County, Virginia",510310204021,1293,746,746,707,39,0,547,51,31,20402,1
"Block Group 2, Census Tract 204.02, Campbell County, Virginia",510310204022,1681,1227,1227,1181,46,0,454,51,31,20402,2
"Block Group 2, Census Tract 204.03, Campbell County, Virginia",510310204032,1866,1187,1187,1187,0,0,679,51,31,20403,2
"Block Group 1, Census Tract 205, Campbell County, Virginia",510310205001,3657,1963,1963,1886,77,0,1694,51,31,20500,1
"Block Group 1, Census Tract 206, Campbell County, Virginia",510310206001,634,285,285,268,17,0,349,51,31,20600,1
"Block Group 2, Census Tract 206, Campbell County, Virginia",510310206002,1188,733,733,687,46,0,455,51,31,20600,2
"Block Group 1, Census Tract 207, Campbell County, Virginia",510310207001,917,615,615,572,43,0,302,51,31,20700,1
"Block Group 2, Census Tract 207, Campbell County, Virginia",510310207002,613,359,359,298,61,0,254,51,31,20700,2
"Block Group 1, Census Tract 208, Campbell County, Virginia",510310208001,2339,1128,1128,1061,67,0,1211,51,31,20800,1
"Block Group 1, Census Tract 209, Campbell County, Virginia",510310209001,1469,677,677,657,20,0,792,51,31,20900,1
"Block Group 3, Census Tract 209, Campbell County, Virginia",510310209003,588,290,290,256,34,0,298,51,31,20900,3
"Block Group 1, Census Tract 301, Caroline County, Virginia",510330301001,815,559,559,526,33,0,256,51,33,30100,1
"Block Group 3, Census Tract 301, Caroline County, Virginia",510330301003,2594,2309,568,560,8,1741,285,51,33,30100,3
"Block Group 1, Census Tract 302.01, Caroline County, Virginia",510330302011,2367,1816,1808,1773,35,8,551,51,33,30201,1
"Block Group 1, Census Tract 303, Caroline County, Virginia",510330303001,630,434,430,417,13,4,196,51,33,30300,1
"Block Group 2, Census Tract 303, Caroline County, Virginia",510330303002,1042,539,539,501,38,0,503,51,33,30300,2
"Block Group 1, Census Tract 304, Caroline County, Virginia",510330304001,570,344,344,312,32,0,226,51,33,30400,1
"Block Group 2, Census Tract 305.01, Caroline County, Virginia",510330305012,1244,930,930,930,0,0,314,51,33,30501,2
"Block Group 1, Census Tract 305.02, Caroline County, Virginia",510330305021,1077,811,811,793,18,0,266,51,33,30502,1
"Block Group 3, Census Tract 305.02, Caroline County, Virginia",510330305023,1618,1000,1000,1000,0,0,618,51,33,30502,3
"Block Group 1, Census Tract 305.03, Caroline County, Virginia",510330305031,1365,943,943,943,0,0,422,51,33,30503,1
"Block Group 2, Census Tract 305.03, Caroline County, Virginia",510330305032,350,244,244,211,33,0,106,51,33,30503,2
"Block Group 1, Census Tract 306, Caroline County, Virginia",510330306001,1143,760,760,686,74,0,383,51,33,30600,1
"Block Group 2, Census Tract 306, Caroline County, Virginia",510330306002,1789,1089,1089,1084,5,0,700,51,33,30600,2
"Block Group 1, Census Tract 801, Carroll County, Virginia",510350801001,1375,668,668,495,173,0,707,51,35,80100,1
"Block Group 2, Census Tract 801, Carroll County, Virginia",510350801002,1140,622,622,511,111,0,518,51,35,80100,2
"Block Group 3, Census Tract 801, Carroll County, Virginia",510350801003,685,405,405,405,0,0,280,51,35,80100,3
"Block Group 1, Census Tract 802, Carroll County, Virginia",510350802001,657,380,380,380,0,0,277,51,35,80200,1
"Block Group 2, Census Tract 802, Carroll County, Virginia",510350802002,976,483,483,483,0,0,493,51,35,80200,2
"Block Group 3, Census Tract 802, Carroll County, Virginia",510350802003,952,628,628,628,0,0,324,51,35,80200,3
"Block Group 4, Census Tract 802, Carroll County, Virginia",510350802004,996,787,787,787,0,0,209,51,35,80200,4
"Block Group 1, Census Tract 803, Carroll County, Virginia",510350803001,1338,513,513,494,19,0,825,51,35,80300,1
"Block Group 2, Census Tract 803, Carroll County, Virginia",510350803002,956,220,220,220,0,0,736,51,35,80300,2
"Block Group 3, Census Tract 803, Carroll County, Virginia",510350803003,726,417,417,417,0,0,309,51,35,80300,3
"Block Group 1, Census Tract 804.01, Carroll County, Virginia",510350804011,1687,805,805,687,118,0,882,51,35,80401,1
"Block Group 1, Census Tract 4814, Fairfax County, Virginia",510594814001,1139,682,682,682,0,0,457,51,59,481400,1
"Block Group 3, Census Tract 4814, Fairfax County, Virginia",510594814003,1761,1391,1376,1333,43,15,370,51,59,481400,3
"Block Group 4, Census Tract 4814, Fairfax County, Virginia",510594814004,1442,819,819,778,41,0,623,51,59,481400,4
"Block Group 1, Census Tract 4816, Fairfax County, Virginia",510594816001,1459,1029,1029,999,30,0,430,51,59,481600,1
"Block Group 2, Census Tract 4817.01, Fairfax County, Virginia",510594817012,1838,1050,1050,1028,22,0,788,51,59,481701,2
"Block Group 3, Census Tract 4817.01, Fairfax County, Virginia",510594817013,1182,776,769,769,0,7,406,51,59,481701,3
"Block Group 2, Census Tract 4817.02, Fairfax County, Virginia",510594817022,1746,1262,1262,1262,0,0,484,51,59,481702,2
"Block Group 3, Census Tract 4817.02, Fairfax County, Virginia",510594817023,815,672,662,610,52,10,143,51,59,481702,3
"Block Group 2, Census Tract 4819, Fairfax County, Virginia",510594819002,1383,1182,1182,1100,82,0,201,51,59,481900,2
"Block Group 1, Census Tract 4820.01, Fairfax County, Virginia",510594820011,935,705,705,662,43,0,230,51,59,482001,1
"Block Group 2, Census Tract 4820.01, Fairfax County, Virginia",510594820012,2072,1539,1539,1451,88,0,533,51,59,482001,2
"Block Group 3, Census Tract 4820.01, Fairfax County, Virginia",510594820013,620,482,482,472,10,0,138,51,59,482001,3
"Block Group 1, Census Tract 4820.02, Fairfax County, Virginia",510594820021,1397,884,884,857,27,0,513,51,59,482002,1
"Block Group 2, Census Tract 4820.02, Fairfax County, Virginia",510594820022,1388,1107,1107,1051,56,0,281,51,59,482002,2
"Block Group 1, Census Tract 4821, Fairfax County, Virginia",510594821001,1011,748,748,748,0,0,263,51,59,482100,1
"Block Group 2, Census Tract 4821, Fairfax County, Virginia",510594821002,1744,1251,1251,1243,8,0,493,51,59,482100,2
"Block Group 1, Census Tract 4822.01, Fairfax County, Virginia",510594822011,2006,1558,1558,1448,110,0,448,51,59,482201,1
"Block Group 1, Census Tract 4822.03, Fairfax County, Virginia",510594822031,951,657,657,655,2,0,294,51,59,482203,1
"Block Group 2, Census Tract 4822.03, Fairfax County, Virginia",510594822032,550,431,431,431,0,0,119,51,59,482203,2
"Block Group 3, Census Tract 4822.03, Fairfax County, Virginia",510594822033,1151,673,657,657,0,16,478,51,59,482203,3
"Block Group 4, Census Tract 4822.03, Fairfax County, Virginia",510594822034,1456,1171,1155,1139,16,16,285,51,59,482203,4
"Block Group 1, Census Tract 4822.04, Fairfax County, Virginia",510594822041,1014,736,736,725,11,0,278,51,59,482204,1
"Block Group 2, Census Tract 4822.04, Fairfax County, Virginia",510594822042,917,617,617,597,20,0,300,51,59,482204,2
"Block Group 1, Census Tract 4822.05, Fairfax County, Virginia",510594822051,479,439,439,439,0,0,40,51,59,482205,1
"Block Group 2, Census Tract 4822.05, Fairfax County, Virginia",510594822052,645,516,516,516,0,0,129,51,59,482205,2
"Block Group 1, Census Tract 4822.06, Fairfax County, Virginia",510594822061,822,598,598,598,0,0,224,51,59,482206,1
"Block Group 1, Census Tract 4823.01, Fairfax County, Virginia",510594823011,2383,1533,1533,1262,271,0,850,51,59,482301,1
"Block Group 3, Census Tract 4823.01, Fairfax County, Virginia",510594823013,1520,984,965,965,0,19,536,51,59,482301,3
"Block Group 1, Census Tract 4823.02, Fairfax County, Virginia",510594823021,2009,1464,1464,1393,71,0,545,51,59,482302,1
"Block Group 1, Census Tract 4823.03, Fairfax County, Virginia",510594823031,1110,810,810,800,10,0,300,51,59,482303,1
"Block Group 2, Census Tract 4823.03, Fairfax County, Virginia",510594823032,650,495,495,495,0,0,155,51,59,482303,2
"Block Group 1, Census Tract 4824, Fairfax County, Virginia",510594824001,1641,1176,1172,1126,46,4,465,51,59,482400,1
"Block Group 1, Census Tract 4825.02, Fairfax County, Virginia",510594825021,503,346,346,346,0,0,157,51,59,482502,1
"Block Group 1, Census Tract 4825.03, Fairfax County, Virginia",510594825031,1443,1177,1171,1152,19,6,266,51,59,482503,1
"Block Group 2, Census Tract 4825.03, Fairfax County, Virginia",510594825032,803,597,597,589,8,0,206,51,59,482503,2
"Block Group 1, Census Tract 4825.04, Fairfax County, Virginia",510594825041,1542,1004,1004,993,11,0,538,51,59,482504,1
"Block Group 2, Census Tract 4825.04, Fairfax County, Virginia",510594825042,1401,893,884,839,45,9,508,51,59,482504,2
"Block Group 1, Census Tract 4825.05, Fairfax County, Virginia",510594825051,597,443,347,347,0,96,154,51,59,482505,1
"Block Group 2, Census Tract 4825.05, Fairfax County, Virginia",510594825052,1099,942,942,942,0,0,157,51,59,482505,2
"Block Group 2, Census Tract 4825.06, Fairfax County, Virginia",510594825062,2418,2194,2194,2152,42,0,224,51,59,482506,2
"Block Group 1, Census Tract 4825.07, Fairfax County, Virginia",510594825071,989,721,696,696,0,25,268,51,59,482507,1
"Block Group 3, Census Tract 9501.01, King William County, Virginia",511019501013,878,568,568,517,51,0,310,51,101,950101,3
"Block Group 1, Census Tract 9501.02, King William County, Virginia",511019501021,553,439,439,375,64,0,114,51,101,950102,1
"Block Group 2, Census Tract 9501.02, King William County, Virginia",511019501022,1545,888,888,872,16,0,657,51,101,950102,2
"Block Group 3, Census Tract 9501.02, King William County, Virginia",511019501023,2219,1605,1605,1546,59,0,614,51,101,950102,3
"Block Group 4, Census Tract 9501.02, King William County, Virginia",511019501024,808,573,573,566,7,0,235,51,101,950102,4
"Block Group 2, Census Tract 9502, King William County, Virginia",511019502002,1149,757,757,757,0,0,392,51,101,950200,2
"Block Group 1, Census Tract 9503, King William County, Virginia",511019503001,1571,880,880,857,23,0,691,51,101,950300,1
"Block Group 1, Census Tract 301, Lancaster County, Virginia",511030301001,631,488,488,224,264,0,143,51,103,30100,1
"Block Group 2, Census Tract 301, Lancaster County, Virginia",511030301002,662,351,351,332,19,0,311,51,103,30100,2
"Block Group 4, Census Tract 301, Lancaster County, Virginia",511030301004,741,325,325,269,56,0,416,51,103,30100,4
"Block Group 1, Census Tract 302, Lancaster County, Virginia",511030302001,869,259,259,253,6,0,610,51,103,30200,1
"Block Group 3, Census Tract 302, Lancaster County, Virginia",511030302003,851,319,319,273,46,0,532,51,103,30200,3
"Block Group 4, Census Tract 302, Lancaster County, Virginia",511030302004,760,280,280,276,4,0,480,51,103,30200,4
"Block Group 2, Census Tract 303.01, Lancaster County, Virginia",511030303012,871,348,348,331,17,0,523,51,103,30301,2
"Block Group 2, Census Tract 303.02, Lancaster County, Virginia",511030303022,883,410,410,399,11,0,473,51,103,30302,2
"Block Group 0, Census Tract 9901, Lancaster County, Virginia",511039901000,0,0,0,0,0,0,0,51,103,990100,0
"Block Group 2, Census Tract 9501, Lee County, Virginia",511059501002,1170,433,433,386,47,0,737,51,105,950100,2
"Block Group 3, Census Tract 9501, Lee County, Virginia",511059501003,516,96,96,87,9,0,420,51,105,950100,3
"Block Group 5, Census Tract 9501, Lee County, Virginia",511059501005,388,228,228,214,14,0,160,51,105,950100,5
"Block Group 1, Census Tract 9502, Lee County, Virginia",511059502001,944,602,602,571,31,0,342,51,105,950200,1
"Block Group 3, Census Tract 9502, Lee County, Virginia",511059502003,633,268,268,268,0,0,365,51,105,950200,3
"Block Group 4, Census Tract 9502, Lee County, Virginia",511059502004,978,484,484,453,31,0,494,51,105,950200,4
"Block Group 2, Census Tract 9503.01, Lee County, Virginia",511059503012,735,409,409,267,142,0,326,51,105,950301,2
"Block Group 1, Census Tract 9503.02, Lee County, Virginia",511059503021,898,431,431,393,38,0,467,51,105,950302,1
"Block Group 1, Census Tract 9504, Lee County, Virginia",511059504001,686,310,310,310,0,0,376,51,105,950400,1
"Block Group 2, Census Tract 9504, Lee County, Virginia",511059504002,301,89,89,78,11,0,212,51,105,950400,2
"Block Group 1, Census Tract 9505, Lee County, Virginia",511059505001,1111,422,422,333,89,0,689,51,105,950500,1
"Block Group 2, Census Tract 9505, Lee County, Virginia",511059505002,1239,349,349,242,107,0,890,51,105,950500,2
"Block Group 4, Census Tract 9505, Lee County, Virginia",511059505004,1043,317,317,254,63,0,726,51,105,950500,4
"Block Group 2, Census Tract 9506, Lee County, Virginia",511059506002,903,405,405,405,0,0,498,51,105,950600,2
"Block Group 3, Census Tract 9506, Lee County, Virginia",511059506003,622,239,239,205,34,0,383,51,105,950600,3
"Block Group 1, Census Tract 6101.01, Loudoun County, Virginia",511076101011,2154,1559,1550,1412,138,9,595,51,107,610101,1
"Block Group 2, Census Tract 6101.01, Loudoun County, Virginia",511076101012,1718,1159,1159,1142,17,0,559,51,107,610101,2
"Block Group 2, Census Tract 6101.02, Loudoun County, Virginia",511076101022,1847,1263,1256,1197,59,7,584,51,107,610102,2
"Block Group 1, Census Tract 6102.01, Loudoun County, Virginia",511076102011,2032,1275,1275,1201,74,0,757,51,107,610201,1
"Block Group 2, Census Tract 6102.01, Loudoun County, Virginia",511076102012,2162,1391,1379,1325,54,12,771,51,107,610201,2
"Block Group 1, Census Tract 6102.02, Loudoun County, Virginia",511076102021,1638,1355,1355,1325,30,0,283,51,107,610202,1
"Block Group 2, Census Tract 6102.02, Loudoun County, Virginia",511076102022,1536,1184,1184,1126,58,0,352,51,107,610202,2
"Block Group 3, Census Tract 6102.02, Loudoun County, Virginia",511076102023,578,496,496,477,19,0,82,51,107,610202,3
"Block Group 1, Census Tract 6103, Loudoun County, Virginia",511076103001,786,486,486,476,10,0,300,51,107,610300,1
"Block Group 2, Census Tract 6103, Loudoun County, Virginia",511076103002,1267,1057,1057,1057,0,0,210,51,107,610300,2
"Block Group 1, Census Tract 9015.05, Prince William County, Virginia",511539015051,1283,876,876,848,28,0,407,51,153,901505,1
"Block Group 2, Census Tract 9015.05, Prince William County, Virginia",511539015052,2088,1393,1393,1251,142,0,695,51,153,901505,2
"Block Group 4, Census Tract 9015.05, Prince William County, Virginia",511539015054,884,517,517,517,0,0,367,51,153,901505,4
"Block Group 1, Census Tract 9015.06, Prince William County, Virginia",511539015061,524,467,467,467,0,0,57,51,153,901506,1
"Block Group 3, Census Tract 9015.06, Prince William County, Virginia",511539015063,1970,1633,1633,1628,5,0,337,51,153,901506,3
"Block Group 1, Census Tract 9015.07, Prince William County, Virginia",511539015071,923,806,767,759,8,39,117,51,153,901507,1
"Block Group 1, Census Tract 9015.08, Prince William County, Virginia",511539015081,1813,1182,1182,1150,32,0,631,51,153,901508,1
"Block Group 2, Census Tract 9015.08, Prince William County, Virginia",511539015082,1003,665,665,638,27,0,338,51,153,901508,2
"Block Group 1, Census Tract 9015.09, Prince William County, Virginia",511539015091,2056,1611,1611,1584,27,0,445,51,153,901509,1
"Block Group 2, Census Tract 9015.09, Prince William County, Virginia",511539015092,1135,881,881,881,0,0,254,51,153,901509,2
"Block Group 1, Census Tract 9015.10, Prince William County, Virginia",511539015101,1518,1010,999,992,7,11,508,51,153,901510,1
"Block Group 2, Census Tract 9015.10, Prince William County, Virginia",511539015102,1649,1134,1079,1053,26,55,515,51,153,901510,2
"Block Group 1, Census Tract 9015.11, Prince William County, Virginia",511539015111,1860,1212,1205,1195,10,7,648,51,153,901511,1
"Block Group 2, Census Tract 9015.11, Prince William County, Virginia",511539015112,1347,317,308,308,0,9,1030,51,153,901511,2
"Block Group 2, Census Tract 9016.01, Prince William County, Virginia",511539016012,866,677,677,639,38,0,189,51,153,901601,2
"Block Group 3, Census Tract 9016.01, Prince William County, Virginia",511539016013,1314,945,945,922,23,0,369,51,153,901601,3
"Block Group 2, Census Tract 9016.02, Prince William County, Virginia",511539016022,1763,1346,1346,1292,54,0,417,51,153,901602,2
"Block Group 3, Census Tract 9016.02, Prince William County, Virginia",511539016023,1451,1089,1089,1064,25,0,362,51,153,901602,3
"Block Group 5, Census Tract 9016.02, Prince William County, Virginia",511539016025,1773,1588,1588,1389,199,0,185,51,153,901602,5
"Block Group 1, Census Tract 9017.02, Prince William County, Virginia",511539017021,1427,1073,1073,1060,13,0,354,51,153,901702,1
"Block Group 2, Census Tract 9017.02, Prince William County, Virginia",511539017022,1434,1126,1126,834,292,0,308,51,153,901702,2
"Block Group 3, Census Tract 9017.02, Prince William County, Virginia",511539017023,689,436,436,423,13,0,253,51,153,901702,3
"Block Group 1, Census Tract 9017.03, Prince William County, Virginia",511539017031,598,417,417,417,0,0,181,51,153,901703,1
"Block Group 2, Census Tract 9017.03, Prince William County, Virginia",511539017032,1491,1123,1123,1061,62,0,368,51,153,901703,2
"Block Group 1, Census Tract 9017.04, Prince William County, Virginia",511539017041,1125,990,990,969,21,0,135,51,153,901704,1
"Block Group 2, Census Tract 9017.04, Prince William County, Virginia",511539017042,1024,857,857,804,53,0,167,51,153,901704,2
"Block Group 3, Census Tract 9017.04, Prince William County, Virginia",511539017043,1473,1237,1237,1185,52,0,236,51,153,901704,3
"Block Group 4, Census Tract 9017.04, Prince William County, Virginia",511539017044,1466,1229,1229,1209,20,0,237,51,153,901704,4
"Block Group 1, Census Tract 9019, Prince William County, Virginia",511539019001,1420,1194,1194,1152,42,0,226,51,153,901900,1
"Block Group 3, Census Tract 9019, Prince William County, Virginia",511539019003,574,417,417,410,7,0,157,51,153,901900,3
"Block Group 4, Census Tract 9019, Prince William County, Virginia",511539019004,710,477,477,436,41,0,233,51,153,901900,4
"Block Group 1, Census Tract 2101.01, Pulaski County, Virginia",511552101011,1103,817,817,789,28,0,286,51,155,210101,1
"Block Group 2, Census Tract 2101.01, Pulaski County, Virginia",511552101012,807,387,387,387,0,0,420,51,155,210101,2
"Block Group 1, Census Tract 2101.02, Pulaski County, Virginia",511552101021,750,409,409,409,0,0,341,51,155,210102,1
"Block Group 2, Census Tract 2101.02, Pulaski County, Virginia",511552101022,1698,928,928,898,30,0,770,51,155,210102,2
"Block Group 2, Census Tract 2102.01, Pulaski County, Virginia",511552102012,1299,742,742,686,56,0,557,51,155,210201,2
"Block Group 3, Census Tract 2102.01, Pulaski County, Virginia",511552102013,1103,613,613,605,8,0,490,51,155,210201,3
"Block Group 2, Census Tract 2102.02, Pulaski County, Virginia",511552102022,1054,548,548,506,42,0,506,51,155,210202,2
"Block Group 3, Census Tract 2102.02, Pulaski County, Virginia",511552102023,1085,528,528,481,47,0,557,51,155,210202,3
"Block Group 1, Census Tract 3.02, Charlottesville city, Virginia",515400003021,1566,1176,1166,1117,49,10,390,51,540,302,1
"Block Group 1, Census Tract 4.01, Charlottesville city, Virginia",515400004011,1453,993,993,968,25,0,460,51,540,401,1
"Block Group 2, Census Tract 4.01, Charlottesville city, Virginia",515400004012,1976,1478,1451,1278,173,27,498,51,540,401,2
"Block Group 1, Census Tract 4.02, Charlottesville city, Virginia",515400004021,443,297,297,260,37,0,146,51,540,402,1
"Block Group 2, Census Tract 4.02, Charlottesville city, Virginia",515400004022,1128,808,808,786,22,0,320,51,540,402,2
"Block Group 3, Census Tract 4.02, Charlottesville city, Virginia",515400004023,1203,847,847,847,0,0,356,51,540,402,3
"Block Group 4, Census Tract 4.02, Charlottesville city, Virginia",515400004024,928,820,820,820,0,0,108,51,540,402,4
"Block Group 1, Census Tract 5.01, Charlottesville city, Virginia",515400005011,1241,793,783,737,46,10,448,51,540,501,1
"Block Group 2, Census Tract 5.01, Charlottesville city, Virginia",515400005012,765,557,557,557,0,0,208,51,540,501,2
"Block Group 3, Census Tract 5.01, Charlottesville city, Virginia",515400005013,1533,969,969,936,33,0,564,51,540,501,3
"Block Group 1, Census Tract 5.02, Charlottesville city, Virginia",515400005021,1500,969,945,945,0,24,531,51,540,502,1
"Block Group 2, Census Tract 5.02, Charlottesville city, Virginia",515400005022,771,584,584,564,20,0,187,51,540,502,2
"Block Group 3, Census Tract 5.02, Charlottesville city, Virginia",515400005023,774,502,502,420,82,0,272,51,540,502,3
"Block Group 4, Census Tract 5.02, Charlottesville city, Virginia",515400005024,786,676,657,657,0,19,110,51,540,502,4
"Block Group 5, Census Tract 5.02, Charlottesville city, Virginia",515400005025,190,117,117,117,0,0,73,51,540,502,5
"Block Group 1, Census Tract 6, Charlottesville city, Virginia",515400006001,1345,733,733,697,36,0,612,51,540,600,1
"Block Group 2, Census Tract 6, Charlottesville city, Virginia",515400006002,1789,766,766,740,26,0,1023,51,540,600,2
"Block Group 1, Census Tract 7, Charlottesville city, Virginia",515400007001,786,646,646,631,15,0,140,51,540,700,1
"Block Group 2, Census Tract 7, Charlottesville city, Virginia",515400007002,1432,797,797,718,79,0,635,51,540,700,2
"Block Group 4, Census Tract 7, Charlottesville city, Virginia",515400007004,893,450,450,443,7,0,443,51,540,700,4
"Block Group 1, Census Tract 8, Charlottesville city, Virginia",515400008001,690,494,494,492,2,0,196,51,540,800,1
"Block Group 3, Census Tract 8, Charlottesville city, Virginia",515400008003,521,372,372,351,21,0,149,51,540,800,3
"Block Group 4, Census Tract 8, Charlottesville city, Virginia",515400008004,1131,835,835,825,10,0,296,51,540,800,4
"Block Group 2, Census Tract 9, Charlottesville city, Virginia",515400009002,750,565,565,546,19,0,185,51,540,900,2
"Block Group 1, Census Tract 10, Charlottesville city, Virginia",515400010001,949,462,455,449,6,7,487,51,540,1000,1
"Block Group 3, Census Tract 10, Charlottesville city, Virginia",515400010003,1388,1112,1103,1084,19,9,276,51,540,1000,3
"Block Group 1, Census Tract 200.01, Chesapeake city, Virginia",515500200011,1229,867,803,791,12,64,362,51,550,20001,1
"Block Group 2, Census Tract 200.02, Chesapeake city, Virginia",515500200022,1592,1361,1343,1320,23,18,231,51,550,20002,2
"Block Group 3, Census Tract 200.02, Chesapeake city, Virginia",515500200023,1089,655,615,615,0,40,434,51,550,20002,3
"Block Group 2, Census Tract 200.03, Chesapeake city, Virginia",515500200032,1287,775,695,695,0,80,512,51,550,20003,2
"Block Group 5, Census Tract 200.03, Chesapeake city, Virginia",515500200035,539,439,347,347,0,92,100,51,550,20003,5
"Block Group 1, Census Tract 201, Chesapeake city, Virginia",515500201001,1287,947,914,839,75,33,340,51,550,20100,1
"Block Group 3, Census Tract 201, Chesapeake city, Virginia",515500201003,1349,856,856,696,160,0,493,51,550,20100,3
"Block Group 4, Census Tract 201, Chesapeake city, Virginia",515500201004,732,387,387,341,46,0,345,51,550,20100,4
"Block Group 2, Census Tract 202, Chesapeake city, Virginia",515500202002,599,373,355,340,15,18,226,51,550,20200,2
"Block Group 4, Census Tract 202, Chesapeake city, Virginia",515500202004,526,284,284,221,63,0,242,51,550,20200,4
"Block Group 1, Census Tract 203, Chesapeake city, Virginia",515500203001,468,303,300,259,41,3,165,51,550,20300,1
"Block Group 1, Census Tract 204, Chesapeake city, Virginia",515500204001,901,628,605,440,165,23,273,51,550,20400,1
"Block Group 2, Census Tract 204, Chesapeake city, Virginia",515500204002,839,604,577,572,5,27,235,51,550,20400,2
"Block Group 1, Census Tract 205, Chesapeake city, Virginia",515500205001,1569,1231,1143,943,200,88,338,51,550,20500,1
"Block Group 1, Census Tract 8103, Petersburg city, Virginia",517308103001,239,161,161,161,0,0,78,51,730,810300,1
"Block Group 3, Census Tract 8103, Petersburg city, Virginia",517308103003,835,480,463,452,11,17,355,51,730,810300,3
"Block Group 1, Census Tract 8104, Petersburg city, Virginia",517308104001,671,388,388,214,174,0,283,51,730,810400,1
"Block Group 1, Census Tract 8105, Petersburg city, Virginia",517308105001,592,301,255,242,13,46,291,51,730,810500,1
"Block Group 2, Census Tract 8105, Petersburg city, Virginia",517308105002,247,197,180,180,0,17,50,51,730,810500,2
"Block Group 4, Census Tract 8105, Petersburg city, Virginia",517308105004,647,269,269,224,45,0,378,51,730,810500,4
"Block Group 1, Census Tract 8106, Petersburg city, Virginia",517308106001,917,410,410,349,61,0,507,51,730,810600,1
"Block Group 1, Census Tract 8107, Petersburg city, Virginia",517308107001,705,338,338,259,79,0,367,51,730,810700,1
"Block Group 2, Census Tract 8107, Petersburg city, Virginia",517308107002,704,378,373,296,77,5,326,51,730,810700,2
"Block Group 2, Census Tract 8109, Petersburg city, Virginia",517308109002,718,473,473,368,105,0,245,51,730,810900,2
"Block Group 3, Census Tract 8109, Petersburg city, Virginia",517308109003,755,451,451,392,59,0,304,51,730,810900,3
"Block Group 2, Census Tract 8110, Petersburg city, Virginia",517308110002,499,387,387,370,17,0,112,51,730,811000,2
"Block Group 3, Census Tract 8110, Petersburg city, Virginia",517308110003,1428,1075,1044,1044,0,31,353,51,730,811000,3
"Block Group 2, Census Tract 8111, Petersburg city, Virginia",517308111002,815,661,530,464,66,131,154,51,730,811100,2
"Block Group 3, Census Tract 8111, Petersburg city, Virginia",517308111003,1363,1011,1011,857,154,0,352,51,730,811100,3
"Block Group 2, Census Tract 8112, Petersburg city, Virginia",517308112002,732,404,404,287,117,0,328,51,730,811200,2
"Block Group 3, Census Tract 8112, Petersburg city, Virginia",517308112003,853,661,598,560,38,63,192,51,730,811200,3
"Block Group 2, Census Tract 8113, Petersburg city, Virginia",517308113002,680,446,416,375,41,30,234,51,730,811300,2
"Block Group 3, Census Tract 8113, Petersburg city, Virginia",517308113003,726,418,418,418,0,0,308,51,730,811300,3
"Block Group 1, Census Tract 3401, Poquoson city, Virginia",517353401001,1582,1065,1015,1005,10,50,517,51,735,340100,1
"Block Group 2, Census Tract 3401, Poquoson city, Virginia",517353401002,1117,607,571,571,0,36,510,51,735,340100,2
"Block Group 2, Census Tract 3402, Poquoson city, Virginia",517353402002,729,574,554,554,0,20,155,51,735,340200,2
"Block Group 4, Census Tract 3402, Poquoson city, Virginia",517353402004,562,237,192,192,0,45,325,51,735,340200,4
"Block Group 5, Census Tract 3402, Poquoson city, Virginia",517353402005,674,507,478,478,0,29,167,51,735,340200,5
"Block Group 2, Census Tract 3403, Poquoson city, Virginia",517353403002,972,503,453,453,0,50,469,51,735,340300,2
"Block Group 3, Census Tract 3403, Poquoson city, Virginia",517353403003,1364,1016,1016,992,24,0,348,51,735,340300,3
"Block Group 1, Census Tract 2102, Portsmouth city, Virginia",517402102001,828,659,648,516,132,11,169,51,740,210200,1
"Block Group 2, Census Tract 2102, Portsmouth city, Virginia",517402102002,1119,760,751,750,1,9,359,51,740,210200,2
"Block Group 1, Census Tract 2103, Portsmouth city, Virginia",517402103001,616,417,400,363,37,17,199,51,740,210300,1
"Block Group 2, Census Tract 2103, Portsmouth city, Virginia",517402103002,285,122,117,117,0,5,163,51,740,210300,2
"Block Group 3, Census Tract 2103, Portsmouth city, Virginia",517402103003,612,389,375,353,22,14,223,51,740,210300,3
"Block Group 1, Census Tract 2104, Portsmouth city, Virginia",517402104001,1338,903,871,816,55,32,435,51,740,210400,1
"Block Group 1, Census Tract 2105, Portsmouth city, Virginia",517402105001,1153,870,870,747,123,0,283,51,740,210500,1
"Block Group 1, Census Tract 2106, Portsmouth city, Virginia",517402106001,921,665,524,453,71,141,256,51,740,210600,1
"Block Group 2, Census Tract 2106, Portsmouth city, Virginia",517402106002,546,451,371,349,22,80,95,51,740,210600,2
"Block Group 1, Census Tract 2109, Portsmouth city, Virginia",517402109001,1337,852,762,726,36,90,485,51,740,210900,1
"Block Group 2, Census Tract 2109, Portsmouth city, Virginia",517402109002,1155,708,655,601,54,53,447,51,740,210900,2
"Block Group 3, Census Tract 2109, Portsmouth city, Virginia",517402109003,474,303,209,209,0,94,171,51,740,210900,3
"Block Group 1, Census Tract 2111, Portsmouth city, Virginia",517402111001,553,415,415,410,5,0,138,51,740,211100,1
"Block Group 2, Census Tract 2111, Portsmouth city, Virginia",517402111002,642,273,273,242,31,0,369,51,740,211100,2
"Block Group 1, Census Tract 2114, Portsmouth city, Virginia",517402114001,805,408,370,354,16,38,397,51,740,211400,1
"Block Group 1, Census Tract 804.02, Carroll County, Virginia",510350804021,959,447,447,415,32,0,512,51,35,80402,1
"Block Group 2, Census Tract 804.02, Carroll County, Virginia",510350804022,1176,720,720,701,19,0,456,51,35,80402,2
"Block Group 2, Census Tract 805.01, Carroll County, Virginia",510350805012,833,406,406,394,12,0,427,51,35,80501,2
"Block Group 1, Census Tract 805.02, Carroll County, Virginia",510350805021,798,373,373,373,0,0,425,51,35,80502,1
"Block Group 1, Census Tract 806.01, Carroll County, Virginia",510350806011,565,212,212,212,0,0,353,51,35,80601,1
"Block Group 2, Census Tract 806.01, Carroll County, Virginia",510350806012,936,487,470,452,18,17,449,51,35,80601,2
"Block Group 2, Census Tract 806.03, Carroll County, Virginia",510350806032,712,199,199,177,22,0,513,51,35,80603,2
"Block Group 3, Census Tract 806.03, Carroll County, Virginia",510350806033,689,486,486,486,0,0,203,51,35,80603,3
"Block Group 1, Census Tract 6001, Charles City County, Virginia",510366001001,1433,897,897,880,17,0,536,51,36,600100,1
"Block Group 2, Census Tract 6001, Charles City County, Virginia",510366001002,893,520,520,513,7,0,373,51,36,600100,2
"Block Group 2, Census Tract 6002, Charles City County, Virginia",510366002002,934,503,503,482,21,0,431,51,36,600200,2
"Block Group 1, Census Tract 6003, Charles City County, Virginia",510366003001,844,411,404,386,18,7,433,51,36,600300,1
"Block Group 1, Census Tract 9301.01, Charlotte County, Virginia",510379301011,884,550,548,548,0,2,334,51,37,930101,1
"Block Group 2, Census Tract 9301.01, Charlotte County, Virginia",510379301012,1208,645,645,569,76,0,563,51,37,930101,2
"Block Group 1, Census Tract 9302, Charlotte County, Virginia",510379302001,751,416,416,416,0,0,335,51,37,930200,1
"Block Group 3, Census Tract 9302, Charlotte County, Virginia",510379302003,555,269,269,256,13,0,286,51,37,930200,3
"Block Group 1, Census Tract 9303, Charlotte County, Virginia",510379303001,980,613,613,556,57,0,367,51,37,930300,1
"Block Group 3, Census Tract 9303, Charlotte County, Virginia",510379303003,1184,709,709,605,104,0,475,51,37,930300,3
"Block Group 1, Census Tract 1001.06, Chesterfield County, Virginia",510411001061,1930,1419,1406,1371,35,13,511,51,41,100106,1
"Block Group 1, Census Tract 1001.07, Chesterfield County, Virginia",510411001071,717,562,562,546,16,0,155,51,41,100107,1
"Block Group 2, Census Tract 1001.07, Chesterfield County, Virginia",510411001072,1279,856,849,714,135,7,423,51,41,100107,2
"Block Group 2, Census Tract 1002.06, Chesterfield County, Virginia",510411002062,650,327,327,315,12,0,323,51,41,100206,2
"Block Group 3, Census Tract 1002.06, Chesterfield County, Virginia",510411002063,1156,755,755,707,48,0,401,51,41,100206,3
"Block Group 5, Census Tract 1002.06, Chesterfield County, Virginia",510411002065,799,595,577,541,36,18,204,51,41,100206,5
"Block Group 1, Census Tract 1002.08, Chesterfield County, Virginia",510411002081,821,553,553,545,8,0,268,51,41,100208,1
"Block Group 1, Census Tract 1002.09, Chesterfield County, Virginia",510411002091,1022,839,839,839,0,0,183,51,41,100209,1
"Block Group 2, Census Tract 1002.09, Chesterfield County, Virginia",510411002092,743,492,492,492,0,0,251,51,41,100209,2
"Block Group 3, Census Tract 1002.09, Chesterfield County, Virginia",510411002093,2596,1941,1941,1662,279,0,655,51,41,100209,3
"Block Group 4, Census Tract 1002.09, Chesterfield County, Virginia",510411002094,1208,894,849,788,61,45,314,51,41,100209,4
"Block Group 1, Census Tract 1002.10, Chesterfield County, Virginia",510411002101,1472,1237,1218,1154,64,19,235,51,41,100210,1
"Block Group 1, Census Tract 1002.11, Chesterfield County, Virginia",510411002111,827,527,527,484,43,0,300,51,41,100211,1
"Block Group 2, Census Tract 1002.11, Chesterfield County, Virginia",510411002112,1940,1759,1759,1546,213,0,181,51,41,100211,2
"Block Group 1, Census Tract 1002.12, Chesterfield County, Virginia",510411002121,705,448,448,396,52,0,257,51,41,100212,1
"Block Group 2, Census Tract 1002.12, Chesterfield County, Virginia",510411002122,2162,1525,1525,1365,160,0,637,51,41,100212,2
"Block Group 3, Census Tract 1002.12, Chesterfield County, Virginia",510411002123,1193,874,874,856,18,0,319,51,41,100212,3
"Block Group 1, Census Tract 1003, Chesterfield County, Virginia",510411003001,1308,965,965,903,62,0,343,51,41,100300,1
"Block Group 2, Census Tract 1003, Chesterfield County, Virginia",510411003002,1144,815,815,762,53,0,329,51,41,100300,2
"Block Group 1, Census Tract 1004.03, Chesterfield County, Virginia",510411004031,1006,691,664,664,0,27,315,51,41,100403,1
"Block Group 2, Census Tract 1004.03, Chesterfield County, Virginia",510411004032,1110,762,714,672,42,48,348,51,41,100403,2
"Block Group 3, Census Tract 1004.03, Chesterfield County, Virginia",510411004033,655,208,208,208,0,0,447,51,41,100403,3
"Block Group 3, Census Tract 4825.07, Fairfax County, Virginia",510594825073,646,565,565,565,0,0,81,51,59,482507,3
"Block Group 3, Census Tract 4826.01, Fairfax County, Virginia",510594826013,1421,1043,1043,1018,25,0,378,51,59,482601,3
"Block Group 2, Census Tract 4826.03, Fairfax County, Virginia",510594826032,1074,775,775,737,38,0,299,51,59,482603,2
"Block Group 1, Census Tract 4826.04, Fairfax County, Virginia",510594826041,1843,1257,1257,1206,51,0,586,51,59,482604,1
"Block Group 1, Census Tract 4901.01, Fairfax County, Virginia",510594901011,1019,710,710,683,27,0,309,51,59,490101,1
"Block Group 2, Census Tract 4901.01, Fairfax County, Virginia",510594901012,2012,1125,1102,1074,28,23,887,51,59,490101,2
"Block Group 1, Census Tract 4901.04, Fairfax County, Virginia",510594901041,1420,952,934,910,24,18,468,51,59,490104,1
"Block Group 2, Census Tract 4901.04, Fairfax County, Virginia",510594901042,1245,941,941,901,40,0,304,51,59,490104,2
"Block Group 2, Census Tract 4901.05, Fairfax County, Virginia",510594901052,111,111,111,82,29,0,0,51,59,490105,2
"Block Group 3, Census Tract 4901.05, Fairfax County, Virginia",510594901053,918,632,632,625,7,0,286,51,59,490105,3
"Block Group 2, Census Tract 4905.01, Fairfax County, Virginia",510594905012,1708,1175,1175,1068,107,0,533,51,59,490501,2
"Block Group 1, Census Tract 4905.02, Fairfax County, Virginia",510594905021,1674,1254,1254,1175,79,0,420,51,59,490502,1
"Block Group 2, Census Tract 4905.02, Fairfax County, Virginia",510594905022,1031,680,670,650,20,10,351,51,59,490502,2
"Block Group 3, Census Tract 4905.02, Fairfax County, Virginia",510594905023,2713,1583,1550,1489,61,33,1130,51,59,490502,3
"Block Group 1, Census Tract 4910, Fairfax County, Virginia",510594910001,1534,1122,1118,1070,48,4,412,51,59,491000,1
"Block Group 1, Census Tract 4911.01, Fairfax County, Virginia",510594911011,1824,1267,1267,1250,17,0,557,51,59,491101,1
"Block Group 2, Census Tract 4911.01, Fairfax County, Virginia",510594911012,1508,962,947,924,23,15,546,51,59,491101,2
"Block Group 1, Census Tract 4911.02, Fairfax County, Virginia",510594911021,1133,793,785,748,37,8,340,51,59,491102,1
"Block Group 2, Census Tract 4911.02, Fairfax County, Virginia",510594911022,1254,876,858,858,0,18,378,51,59,491102,2
"Block Group 1, Census Tract 4911.03, Fairfax County, Virginia",510594911031,1167,896,896,896,0,0,271,51,59,491103,1
"Block Group 2, Census Tract 4911.03, Fairfax County, Virginia",510594911032,1711,1419,1419,1392,27,0,292,51,59,491103,2
"Block Group 3, Census Tract 4911.03, Fairfax County, Virginia",510594911033,931,689,689,651,38,0,242,51,59,491103,3
"Block Group 4, Census Tract 4911.03, Fairfax County, Virginia",510594911034,664,605,586,586,0,19,59,51,59,491103,4
"Block Group 1, Census Tract 4912.01, Fairfax County, Virginia",510594912011,607,333,316,316,0,17,274,51,59,491201,1
"Block Group 2, Census Tract 4912.01, Fairfax County, Virginia",510594912012,1856,1581,1570,1362,208,11,275,51,59,491201,2
"Block Group 3, Census Tract 4912.01, Fairfax County, Virginia",510594912013,2176,1853,1853,1608,245,0,323,51,59,491201,3
"Block Group 1, Census Tract 4912.02, Fairfax County, Virginia",510594912021,1446,1138,1126,1048,78,12,308,51,59,491202,1
"Block Group 1, Census Tract 4913.01, Fairfax County, Virginia",510594913011,392,273,273,273,0,0,119,51,59,491301,1
"Block Group 3, Census Tract 4913.01, Fairfax County, Virginia",510594913013,748,674,674,603,71,0,74,51,59,491301,3
"Block Group 4, Census Tract 4913.01, Fairfax County, Virginia",510594913014,1873,1375,1375,1375,0,0,498,51,59,491301,4
"Block Group 2, Census Tract 4913.02, Fairfax County, Virginia",510594913022,918,538,538,538,0,0,380,51,59,491302,2
"Block Group 1, Census Tract 4913.03, Fairfax County, Virginia",510594913031,1164,894,894,875,19,0,270,51,59,491303,1
"Block Group 1, Census Tract 4914.01, Fairfax County, Virginia",510594914011,1426,992,979,958,21,13,434,51,59,491401,1
"Block Group 2, Census Tract 4914.01, Fairfax County, Virginia",510594914012,1492,1043,1043,1043,0,0,449,51,59,491401,2
"Block Group 4, Census Tract 4914.01, Fairfax County, Virginia",510594914014,378,307,307,307,0,0,71,51,59,491401,4
"Block Group 1, Census Tract 4914.02, Fairfax County, Virginia",510594914021,1895,1502,1493,1431,62,9,393,51,59,491402,1
"Block Group 1, Census Tract 4914.03, Fairfax County, Virginia",510594914031,2699,1912,1892,1874,18,20,787,51,59,491403,1
"Block Group 2, Census Tract 4914.03, Fairfax County, Virginia",510594914032,832,573,556,527,29,17,259,51,59,491403,2
"Block Group 2, Census Tract 4914.04, Fairfax County, Virginia",510594914042,1807,1472,1472,1472,0,0,335,51,59,491404,2
"Block Group 1, Census Tract 4915.01, Fairfax County, Virginia",510594915011,2682,1999,1999,1911,88,0,683,51,59,491501,1
"Block Group 2, Census Tract 4915.01, Fairfax County, Virginia",510594915012,1679,1151,1151,1087,64,0,528,51,59,491501,2
"Block Group 3, Census Tract 6103, Loudoun County, Virginia",511076103003,1810,1219,1206,1173,33,13,591,51,107,610300,3
"Block Group 4, Census Tract 6103, Loudoun County, Virginia",511076103004,1609,1037,1037,977,60,0,572,51,107,610300,4
"Block Group 1, Census Tract 6104, Loudoun County, Virginia",511076104001,2641,1516,1511,1459,52,5,1125,51,107,610400,1
"Block Group 2, Census Tract 6104, Loudoun County, Virginia",511076104002,1459,1157,1157,1090,67,0,302,51,107,610400,2
"Block Group 1, Census Tract 6105.03, Loudoun County, Virginia",511076105031,2012,1351,1351,1351,0,0,661,51,107,610503,1
"Block Group 2, Census Tract 6105.03, Loudoun County, Virginia",511076105032,1649,1396,1396,1396,0,0,253,51,107,610503,2
"Block Group 3, Census Tract 6105.03, Loudoun County, Virginia",511076105033,2853,2460,2460,2446,14,0,393,51,107,610503,3
"Block Group 2, Census Tract 6105.04, Loudoun County, Virginia",511076105042,1332,966,966,929,37,0,366,51,107,610504,2
"Block Group 3, Census Tract 6105.04, Loudoun County, Virginia",511076105043,1250,932,932,911,21,0,318,51,107,610504,3
"Block Group 1, Census Tract 6105.05, Loudoun County, Virginia",511076105051,753,642,642,642,0,0,111,51,107,610505,1
"Block Group 2, Census Tract 6105.05, Loudoun County, Virginia",511076105052,485,446,446,446,0,0,39,51,107,610505,2
"Block Group 4, Census Tract 6105.05, Loudoun County, Virginia",511076105054,1395,927,913,913,0,14,468,51,107,610505,4
"Block Group 1, Census Tract 6105.06, Loudoun County, Virginia",511076105061,2319,1979,1938,1831,107,41,340,51,107,610506,1
"Block Group 3, Census Tract 6105.06, Loudoun County, Virginia",511076105063,617,617,596,575,21,21,0,51,107,610506,3
"Block Group 1, Census Tract 6105.07, Loudoun County, Virginia",511076105071,1067,583,583,553,30,0,484,51,107,610507,1
"Block Group 3, Census Tract 6105.07, Loudoun County, Virginia",511076105073,1050,789,789,775,14,0,261,51,107,610507,3
"Block Group 4, Census Tract 6105.07, Loudoun County, Virginia",511076105074,991,738,738,708,30,0,253,51,107,610507,4
"Block Group 2, Census Tract 6106.01, Loudoun County, Virginia",511076106012,1936,1478,1478,1336,142,0,458,51,107,610601,2
"Block Group 3, Census Tract 6106.01, Loudoun County, Virginia",511076106013,1474,1122,1100,1046,54,22,352,51,107,610601,3
"Block Group 1, Census Tract 6106.02, Loudoun County, Virginia",511076106021,1420,1155,1142,1101,41,13,265,51,107,610602,1
"Block Group 2, Census Tract 6106.02, Loudoun County, Virginia",511076106022,600,458,458,414,44,0,142,51,107,610602,2
"Block Group 2, Census Tract 6106.03, Loudoun County, Virginia",511076106032,1033,893,874,874,0,19,140,51,107,610603,2
"Block Group 1, Census Tract 6106.04, Loudoun County, Virginia",511076106041,1426,1226,1194,1142,52,32,200,51,107,610604,1
"Block Group 3, Census Tract 6106.04, Loudoun County, Virginia",511076106043,1213,903,903,879,24,0,310,51,107,610604,3
"Block Group 4, Census Tract 6106.04, Loudoun County, Virginia",511076106044,1780,1009,987,971,16,22,771,51,107,610604,4
"Block Group 2, Census Tract 6107.01, Loudoun County, Virginia",511076107012,2437,1961,1961,1939,22,0,476,51,107,610701,2
"Block Group 1, Census Tract 6107.02, Loudoun County, Virginia",511076107021,2092,1534,1534,1415,119,0,558,51,107,610702,1
"Block Group 3, Census Tract 6107.02, Loudoun County, Virginia",511076107023,1731,1321,1201,1052,149,120,410,51,107,610702,3
"Block Group 1, Census Tract 6107.03, Loudoun County, Virginia",511076107031,1408,992,992,976,16,0,416,51,107,610703,1
"Block Group 3, Census Tract 6107.03, Loudoun County, Virginia",511076107033,802,594,594,585,9,0,208,51,107,610703,3
"Block Group 1, Census Tract 6108, Loudoun County, Virginia",511076108001,1871,1148,1111,1008,103,37,723,51,107,610800,1
"Block Group 4, Census Tract 6108, Loudoun County, Virginia",511076108004,1035,698,698,698,0,0,337,51,107,610800,4
"Block Group 2, Census Tract 6109, Loudoun County, Virginia",511076109002,1308,699,699,664,35,0,609,51,107,610900,2
"Block Group 1, Census Tract 6110.02, Loudoun County, Virginia",511076110021,1552,1175,1152,1142,10,23,377,51,107,611002,1
"Block Group 3, Census Tract 6110.02, Loudoun County, Virginia",511076110023,1779,1389,1389,1254,135,0,390,51,107,611002,3
"Block Group 1, Census Tract 6110.04, Loudoun County, Virginia",511076110041,3138,2697,2697,2556,141,0,441,51,107,611004,1
"Block Group 2, Census Tract 6110.04, Loudoun County, Virginia",511076110042,739,573,573,527,46,0,166,51,107,611004,2
"Block Group 3, Census Tract 6110.04, Loudoun County, Virginia",511076110043,848,733,733,723,10,0,115,51,107,611004,3
"Block Group 4, Census Tract 6110.04, Loudoun County, Virginia",511076110044,1507,1248,1248,1202,46,0,259,51,107,611004,4
"Block Group 1, Census Tract 6110.05, Loudoun County, Virginia",511076110051,1274,1054,1026,1011,15,28,220,51,107,611005,1
"Block Group 2, Census Tract 6110.05, Loudoun County, Virginia",511076110052,800,627,627,611,16,0,173,51,107,611005,2
"Block Group 2, Census Tract 2103, Pulaski County, Virginia",511552103002,680,433,433,389,44,0,247,51,155,210300,2
"Block Group 3, Census Tract 2103, Pulaski County, Virginia",511552103003,812,472,472,421,51,0,340,51,155,210300,3
"Block Group 5, Census Tract 2103, Pulaski County, Virginia",511552103005,682,492,492,452,40,0,190,51,155,210300,5
"Block Group 1, Census Tract 2104.01, Pulaski County, Virginia",511552104011,768,459,428,428,0,31,309,51,155,210401,1
"Block Group 3, Census Tract 2104.01, Pulaski County, Virginia",511552104013,965,569,569,538,31,0,396,51,155,210401,3
"Block Group 1, Census Tract 2104.02, Pulaski County, Virginia",511552104021,1154,705,705,698,7,0,449,51,155,210402,1
"Block Group 1, Census Tract 2105, Pulaski County, Virginia",511552105001,967,647,647,629,18,0,320,51,155,210500,1
"Block Group 2, Census Tract 2105, Pulaski County, Virginia",511552105002,361,172,172,156,16,0,189,51,155,210500,2
"Block Group 1, Census Tract 2106, Pulaski County, Virginia",511552106001,2217,631,631,566,65,0,1586,51,155,210600,1
"Block Group 2, Census Tract 2106, Pulaski County, Virginia",511552106002,735,360,360,298,62,0,375,51,155,210600,2
"Block Group 1, Census Tract 2107, Pulaski County, Virginia",511552107001,1558,791,791,786,5,0,767,51,155,210700,1
"Block Group 3, Census Tract 2107, Pulaski County, Virginia",511552107003,448,258,258,250,8,0,190,51,155,210700,3
"Block Group 1, Census Tract 9801, Pulaski County, Virginia",511559801001,0,0,0,0,0,0,0,51,155,980100,1
"Block Group 1, Census Tract 9501, Rappahannock County, Virginia",511579501001,1421,864,864,848,16,0,557,51,157,950100,1
"Block Group 2, Census Tract 9501, Rappahannock County, Virginia",511579501002,931,501,501,472,29,0,430,51,157,950100,2
"Block Group 2, Census Tract 9502, Rappahannock County, Virginia",511579502002,1336,964,964,952,12,0,372,51,157,950200,2
"Block Group 3, Census Tract 9502, Rappahannock County, Virginia",511579502003,547,323,323,323,0,0,224,51,157,950200,3
"Block Group 1, Census Tract 401, Richmond County, Virginia",511590401001,888,525,525,483,42,0,363,51,159,40100,1
"Block Group 2, Census Tract 401, Richmond County, Virginia",511590401002,1721,937,937,927,10,0,784,51,159,40100,2
"Block Group 4, Census Tract 401, Richmond County, Virginia",511590401004,668,313,313,313,0,0,355,51,159,40100,4
"Block Group 1, Census Tract 402, Richmond County, Virginia",511590402001,2020,468,468,468,0,0,1552,51,159,40200,1
"Block Group 2, Census Tract 402, Richmond County, Virginia",511590402002,872,549,549,549,0,0,323,51,159,40200,2
"Block Group 1, Census Tract 301, Roanoke County, Virginia",511610301001,894,501,501,483,18,0,393,51,161,30100,1
"Block Group 2, Census Tract 301, Roanoke County, Virginia",511610301002,1059,780,780,755,25,0,279,51,161,30100,2
"Block Group 3, Census Tract 301, Roanoke County, Virginia",511610301003,1061,584,584,580,4,0,477,51,161,30100,3
"Block Group 1, Census Tract 302.01, Roanoke County, Virginia",511610302011,580,351,351,345,6,0,229,51,161,30201,1
"Block Group 2, Census Tract 302.01, Roanoke County, Virginia",511610302012,1390,1043,1043,1023,20,0,347,51,161,30201,2
"Block Group 3, Census Tract 302.01, Roanoke County, Virginia",511610302013,2070,1173,1098,1043,55,75,897,51,161,30201,3
"Block Group 1, Census Tract 302.03, Roanoke County, Virginia",511610302031,1334,714,714,680,34,0,620,51,161,30203,1
"Block Group 2, Census Tract 302.03, Roanoke County, Virginia",511610302032,2521,1651,1651,1591,60,0,870,51,161,30203,2
"Block Group 1, Census Tract 302.05, Roanoke County, Virginia",511610302051,1766,1140,1133,1126,7,7,626,51,161,30205,1
"Block Group 2, Census Tract 302.05, Roanoke County, Virginia",511610302052,1862,999,999,959,40,0,863,51,161,30205,2
"Block Group 1, Census Tract 302.06, Roanoke County, Virginia",511610302061,2177,1372,1372,1314,58,0,805,51,161,30206,1
"Block Group 2, Census Tract 302.06, Roanoke County, Virginia",511610302062,1697,590,590,546,44,0,1107,51,161,30206,2
"Block Group 1, Census Tract 302.07, Roanoke County, Virginia",511610302071,478,255,255,255,0,0,223,51,161,30207,1
"Block Group 1, Census Tract 303, Roanoke County, Virginia",511610303001,4050,2745,2539,2414,125,206,1305,51,161,30300,1
"Block Group 2, Census Tract 303, Roanoke County, Virginia",511610303002,774,226,226,226,0,0,548,51,161,30300,2
"Block Group 1, Census Tract 305.01, Roanoke County, Virginia",511610305011,1708,618,618,580,38,0,1090,51,161,30501,1
"Block Group 1, Census Tract 305.02, Roanoke County, Virginia",511610305021,2090,1136,1136,1076,60,0,954,51,161,30502,1
"Block Group 2, Census Tract 306.01, Roanoke County, Virginia",511610306012,1507,886,886,871,15,0,621,51,161,30601,2
"Block Group 3, Census Tract 306.01, Roanoke County, Virginia",511610306013,1268,845,845,845,0,0,423,51,161,30601,3
"Block Group 1, Census Tract 206, Chesapeake city, Virginia",515500206001,1154,823,801,760,41,22,331,51,550,20600,1
"Block Group 3, Census Tract 206, Chesapeake city, Virginia",515500206003,699,409,399,399,0,10,290,51,550,20600,3
"Block Group 4, Census Tract 206, Chesapeake city, Virginia",515500206004,594,320,308,300,8,12,274,51,550,20600,4
"Block Group 2, Census Tract 207, Chesapeake city, Virginia",515500207002,712,346,346,304,42,0,366,51,550,20700,2
"Block Group 3, Census Tract 207, Chesapeake city, Virginia",515500207003,816,342,342,342,0,0,474,51,550,20700,3
"Block Group 4, Census Tract 207, Chesapeake city, Virginia",515500207004,1247,730,730,677,53,0,517,51,550,20700,4
"Block Group 1, Census Tract 208.04, Chesapeake city, Virginia",515500208041,1051,867,752,717,35,115,184,51,550,20804,1
"Block Group 2, Census Tract 208.04, Chesapeake city, Virginia",515500208042,1294,833,738,709,29,95,461,51,550,20804,2
"Block Group 3, Census Tract 208.04, Chesapeake city, Virginia",515500208043,1446,1114,1052,1052,0,62,332,51,550,20804,3
"Block Group 4, Census Tract 208.04, Chesapeake city, Virginia",515500208044,2353,1382,1323,1305,18,59,971,51,550,20804,4
"Block Group 5, Census Tract 208.04, Chesapeake city, Virginia",515500208045,2101,1567,1412,1401,11,155,534,51,550,20804,5
"Block Group 1, Census Tract 208.05, Chesapeake city, Virginia",515500208051,572,400,400,381,19,0,172,51,550,20805,1
"Block Group 2, Census Tract 208.05, Chesapeake city, Virginia",515500208052,1288,813,772,704,68,41,475,51,550,20805,2
"Block Group 3, Census Tract 208.05, Chesapeake city, Virginia",515500208053,552,437,437,437,0,0,115,51,550,20805,3
"Block Group 4, Census Tract 208.05, Chesapeake city, Virginia",515500208054,2359,1776,1550,1534,16,226,583,51,550,20805,4
"Block Group 1, Census Tract 208.08, Chesapeake city, Virginia",515500208081,1104,408,363,363,0,45,696,51,550,20808,1
"Block Group 2, Census Tract 208.08, Chesapeake city, Virginia",515500208082,1911,1188,1153,1087,66,35,723,51,550,20808,2
"Block Group 1, Census Tract 208.09, Chesapeake city, Virginia",515500208091,1963,1057,1040,962,78,17,906,51,550,20809,1
"Block Group 2, Census Tract 208.09, Chesapeake city, Virginia",515500208092,1514,1280,1256,1141,115,24,234,51,550,20809,2
"Block Group 1, Census Tract 208.10, Chesapeake city, Virginia",515500208101,1491,1080,919,919,0,161,411,51,550,20810,1
"Block Group 1, Census Tract 208.11, Chesapeake city, Virginia",515500208111,954,842,793,706,87,49,112,51,550,20811,1
"Block Group 3, Census Tract 208.11, Chesapeake city, Virginia",515500208113,1236,884,877,834,43,7,352,51,550,20811,3
"Block Group 1, Census Tract 208.12, Chesapeake city, Virginia",515500208121,1662,1146,1002,978,24,144,516,51,550,20812,1
"Block Group 2, Census Tract 208.13, Chesapeake city, Virginia",515500208132,640,278,215,206,9,63,362,51,550,20813,2
"Block Group 1, Census Tract 208.14, Chesapeake city, Virginia",515500208141,719,540,508,460,48,32,179,51,550,20814,1
"Block Group 3, Census Tract 208.14, Chesapeake city, Virginia",515500208143,1619,1041,934,868,66,107,578,51,550,20814,3
"Block Group 1, Census Tract 209.03, Chesapeake city, Virginia",515500209031,1126,815,802,720,82,13,311,51,550,20903,1
"Block Group 1, Census Tract 209.05, Chesapeake city, Virginia",515500209051,1096,725,685,679,6,40,371,51,550,20905,1
"Block Group 2, Census Tract 209.05, Chesapeake city, Virginia",515500209052,1750,1082,1076,1066,10,6,668,51,550,20905,2
"Block Group 1, Census Tract 209.08, Chesapeake city, Virginia",515500209081,1775,1415,1313,958,355,102,360,51,550,20908,1
"Block Group 2, Census Tract 209.08, Chesapeake city, Virginia",515500209082,629,373,373,373,0,0,256,51,550,20908,2
"Block Group 2, Census Tract 209.09, Chesapeake city, Virginia",515500209092,1103,797,797,797,0,0,306,51,550,20909,2
"Block Group 1, Census Tract 209.10, Chesapeake city, Virginia",515500209101,716,358,337,252,85,21,358,51,550,20910,1
"Block Group 2, Census Tract 209.11, Chesapeake city, Virginia",515500209112,923,681,607,607,0,74,242,51,550,20911,2
"Block Group 2, Census Tract 209.12, Chesapeake city, Virginia",515500209122,1778,1305,1285,1188,97,20,473,51,550,20912,2
"Block Group 2, Census Tract 210.04, Chesapeake city, Virginia",515500210042,987,627,558,545,13,69,360,51,550,21004,2
"Block Group 3, Census Tract 210.04, Chesapeake city, Virginia",515500210043,567,390,390,390,0,0,177,51,550,21004,3
"Block Group 1, Census Tract 210.05, Chesapeake city, Virginia",515500210051,1471,431,362,362,0,69,1040,51,550,21005,1
"Block Group 2, Census Tract 210.05, Chesapeake city, Virginia",515500210052,2008,1433,1345,1336,9,88,575,51,550,21005,2
"Block Group 1, Census Tract 210.09, Chesapeake city, Virginia",515500210091,1213,669,659,627,32,10,544,51,550,21009,1
"Block Group 2, Census Tract 210.09, Chesapeake city, Virginia",515500210092,2497,1792,1621,1467,154,171,705,51,550,21009,2
"Block Group 2, Census Tract 2114, Portsmouth city, Virginia",517402114002,275,198,198,198,0,0,77,51,740,211400,2
"Block Group 2, Census Tract 2115, Portsmouth city, Virginia",517402115002,890,455,451,443,8,4,435,51,740,211500,2
"Block Group 1, Census Tract 2116, Portsmouth city, Virginia",517402116001,621,390,380,369,11,10,231,51,740,211600,1
"Block Group 3, Census Tract 2116, Portsmouth city, Virginia",517402116003,366,236,236,236,0,0,130,51,740,211600,3
"Block Group 4, Census Tract 2116, Portsmouth city, Virginia",517402116004,548,378,354,333,21,24,170,51,740,211600,4
"Block Group 1, Census Tract 2117, Portsmouth city, Virginia",517402117001,1164,799,799,745,54,0,365,51,740,211700,1
"Block Group 2, Census Tract 2117, Portsmouth city, Virginia",517402117002,683,427,427,390,37,0,256,51,740,211700,2
"Block Group 1, Census Tract 2118, Portsmouth city, Virginia",517402118001,636,245,245,207,38,0,391,51,740,211800,1
"Block Group 2, Census Tract 2118, Portsmouth city, Virginia",517402118002,649,298,282,233,49,16,351,51,740,211800,2
"Block Group 4, Census Tract 2118, Portsmouth city, Virginia",517402118004,379,211,211,188,23,0,168,51,740,211800,4
"Block Group 1, Census Tract 2119, Portsmouth city, Virginia",517402119001,521,223,215,215,0,8,298,51,740,211900,1
"Block Group 1, Census Tract 2120, Portsmouth city, Virginia",517402120001,494,308,308,237,71,0,186,51,740,212000,1
"Block Group 2, Census Tract 2120, Portsmouth city, Virginia",517402120002,692,469,465,437,28,4,223,51,740,212000,2
"Block Group 2, Census Tract 2121, Portsmouth city, Virginia",517402121002,723,397,397,362,35,0,326,51,740,212100,2
"Block Group 1, Census Tract 2123, Portsmouth city, Virginia",517402123001,993,499,457,457,0,42,494,51,740,212300,1
"Block Group 3, Census Tract 2123, Portsmouth city, Virginia",517402123003,1010,692,682,640,42,10,318,51,740,212300,3
"Block Group 1, Census Tract 2124, Portsmouth city, Virginia",517402124001,1116,785,673,673,0,112,331,51,740,212400,1
"Block Group 2, Census Tract 2124, Portsmouth city, Virginia",517402124002,847,587,581,581,0,6,260,51,740,212400,2
"Block Group 1, Census Tract 2125, Portsmouth city, Virginia",517402125001,1816,1088,1019,996,23,69,728,51,740,212500,1
"Block Group 1, Census Tract 2126, Portsmouth city, Virginia",517402126001,48,48,42,42,0,6,0,51,740,212600,1
"Block Group 3, Census Tract 2126, Portsmouth city, Virginia",517402126003,710,424,419,300,119,5,286,51,740,212600,3
"Block Group 1, Census Tract 2127.01, Portsmouth city, Virginia",517402127011,1616,346,340,326,14,6,1270,51,740,212701,1
"Block Group 3, Census Tract 2127.01, Portsmouth city, Virginia",517402127013,1997,1065,1065,1050,15,0,932,51,740,212701,3
"Block Group 4, Census Tract 2127.01, Portsmouth city, Virginia",517402127014,605,267,267,255,12,0,338,51,740,212701,4
"Block Group 2, Census Tract 2127.02, Portsmouth city, Virginia",517402127022,1440,759,745,745,0,14,681,51,740,212702,2
"Block Group 1, Census Tract 2128.01, Portsmouth city, Virginia",517402128011,860,527,491,468,23,36,333,51,740,212801,1
"Block Group 3, Census Tract 2128.01, Portsmouth city, Virginia",517402128013,1759,1081,1041,998,43,40,678,51,740,212801,3
"Block Group 1, Census Tract 2128.02, Portsmouth city, Virginia",517402128021,1015,581,581,450,131,0,434,51,740,212802,1
"Block Group 1, Census Tract 2129, Portsmouth city, Virginia",517402129001,761,417,417,417,0,0,344,51,740,212900,1
"Block Group 2, Census Tract 2129, Portsmouth city, Virginia",517402129002,902,601,487,454,33,114,301,51,740,212900,2
"Block Group 4, Census Tract 2129, Portsmouth city, Virginia",517402129004,1578,909,875,834,41,34,669,51,740,212900,4
"Block Group 1, Census Tract 2130.01, Portsmouth city, Virginia",517402130011,440,440,85,85,0,355,0,51,740,213001,1
"Block Group 2, Census Tract 2130.01, Portsmouth city, Virginia",517402130012,1551,1043,872,820,52,171,508,51,740,213001,2
"Block Group 3, Census Tract 2130.01, Portsmouth city, Virginia",517402130013,1782,1027,1011,894,117,16,755,51,740,213001,3
"Block Group 4, Census Tract 2130.01, Portsmouth city, Virginia",517402130014,533,411,411,367,44,0,122,51,740,213001,4
"Block Group 5, Census Tract 2130.01, Portsmouth city, Virginia",517402130015,523,323,323,302,21,0,200,51,740,213001,5
"Block Group 1, Census Tract 2130.02, Portsmouth city, Virginia",517402130021,596,338,316,296,20,22,258,51,740,213002,1
"Block Group 2, Census Tract 2130.02, Portsmouth city, Virginia",517402130022,1268,830,807,807,0,23,438,51,740,213002,2
"Block Group 3, Census Tract 2130.02, Portsmouth city, Virginia",517402130023,1669,1078,997,966,31,81,591,51,740,213002,3
"Block Group 1, Census Tract 2131.01, Portsmouth city, Virginia",517402131011,1031,678,662,662,0,16,353,51,740,213101,1
"Block Group 2, Census Tract 2131.01, Portsmouth city, Virginia",517402131012,1053,785,762,749,13,23,268,51,740,213101,2
"Block Group 5, Census Tract 1004.03, Chesterfield County, Virginia",510411004035,1342,830,830,823,7,0,512,51,41,100403,5
"Block Group 1, Census Tract 1004.04, Chesterfield County, Virginia",510411004041,526,393,393,351,42,0,133,51,41,100404,1
"Block Group 2, Census Tract 1004.04, Chesterfield County, Virginia",510411004042,1451,973,973,919,54,0,478,51,41,100404,2
"Block Group 2, Census Tract 1004.05, Chesterfield County, Virginia",510411004052,674,455,455,428,27,0,219,51,41,100405,2
"Block Group 1, Census Tract 1004.06, Chesterfield County, Virginia",510411004061,1273,719,719,650,69,0,554,51,41,100406,1
"Block Group 2, Census Tract 1004.07, Chesterfield County, Virginia",510411004072,893,687,687,589,98,0,206,51,41,100407,2
"Block Group 3, Census Tract 1004.07, Chesterfield County, Virginia",510411004073,2005,1439,1400,1372,28,39,566,51,41,100407,3
"Block Group 2, Census Tract 1004.09, Chesterfield County, Virginia",510411004092,1302,889,889,889,0,0,413,51,41,100409,2
"Block Group 3, Census Tract 1004.09, Chesterfield County, Virginia",510411004093,190,82,82,82,0,0,108,51,41,100409,3
"Block Group 5, Census Tract 1004.09, Chesterfield County, Virginia",510411004095,793,537,497,497,0,40,256,51,41,100409,5
"Block Group 1, Census Tract 1004.10, Chesterfield County, Virginia",510411004101,928,509,502,470,32,7,419,51,41,100410,1
"Block Group 1, Census Tract 1005.05, Chesterfield County, Virginia",510411005051,1115,581,581,578,3,0,534,51,41,100505,1
"Block Group 2, Census Tract 1005.05, Chesterfield County, Virginia",510411005052,1076,756,756,700,56,0,320,51,41,100505,2
"Block Group 5, Census Tract 1005.05, Chesterfield County, Virginia",510411005055,616,467,423,384,39,44,149,51,41,100505,5
"Block Group 2, Census Tract 1005.06, Chesterfield County, Virginia",510411005062,1259,1080,1080,852,228,0,179,51,41,100506,2
"Block Group 3, Census Tract 1005.06, Chesterfield County, Virginia",510411005063,773,628,628,628,0,0,145,51,41,100506,3
"Block Group 5, Census Tract 1005.06, Chesterfield County, Virginia",510411005065,1226,985,953,857,96,32,241,51,41,100506,5
"Block Group 1, Census Tract 1005.07, Chesterfield County, Virginia",510411005071,1394,846,846,801,45,0,548,51,41,100507,1
"Block Group 3, Census Tract 1005.07, Chesterfield County, Virginia",510411005073,2860,1616,1569,1448,121,47,1244,51,41,100507,3
"Block Group 1, Census Tract 1005.08, Chesterfield County, Virginia",510411005081,1981,1330,1318,1191,127,12,651,51,41,100508,1
"Block Group 1, Census Tract 1005.09, Chesterfield County, Virginia",510411005091,2241,1608,1564,1504,60,44,633,51,41,100509,1
"Block Group 2, Census Tract 1005.09, Chesterfield County, Virginia",510411005092,487,356,356,323,33,0,131,51,41,100509,2
"Block Group 4, Census Tract 1005.09, Chesterfield County, Virginia",510411005094,1748,1393,1351,1302,49,42,355,51,41,100509,4
"Block Group 1, Census Tract 1005.10, Chesterfield County, Virginia",510411005101,1495,1087,914,871,43,173,408,51,41,100510,1
"Block Group 1, Census Tract 1006, Chesterfield County, Virginia",510411006001,577,357,357,346,11,0,220,51,41,100600,1
"Block Group 2, Census Tract 1006, Chesterfield County, Virginia",510411006002,1623,842,842,631,211,0,781,51,41,100600,2
"Block Group 1, Census Tract 1007.01, Chesterfield County, Virginia",510411007011,1622,1020,1005,995,10,15,602,51,41,100701,1
"Block Group 2, Census Tract 1007.01, Chesterfield County, Virginia",510411007012,602,445,445,382,63,0,157,51,41,100701,2
"Block Group 3, Census Tract 1007.01, Chesterfield County, Virginia",510411007013,1144,675,640,606,34,35,469,51,41,100701,3
"Block Group 4, Census Tract 1007.01, Chesterfield County, Virginia",510411007014,915,682,682,682,0,0,233,51,41,100701,4
"Block Group 1, Census Tract 1007.02, Chesterfield County, Virginia",510411007021,1431,911,911,841,70,0,520,51,41,100702,1
"Block Group 1, Census Tract 1007.04, Chesterfield County, Virginia",510411007041,1612,841,841,835,6,0,771,51,41,100704,1
"Block Group 2, Census Tract 1007.04, Chesterfield County, Virginia",510411007042,827,410,410,371,39,0,417,51,41,100704,2
"Block Group 3, Census Tract 1007.04, Chesterfield County, Virginia",510411007043,1635,1056,1042,1032,10,14,579,51,41,100704,3
"Block Group 1, Census Tract 1007.05, Chesterfield County, Virginia",510411007051,596,394,394,394,0,0,202,51,41,100705,1
"Block Group 2, Census Tract 1007.05, Chesterfield County, Virginia",510411007052,1484,896,896,890,6,0,588,51,41,100705,2
"Block Group 1, Census Tract 1008.04, Chesterfield County, Virginia",510411008041,1330,818,818,761,57,0,512,51,41,100804,1
"Block Group 2, Census Tract 1008.04, Chesterfield County, Virginia",510411008042,1292,762,762,716,46,0,530,51,41,100804,2
"Block Group 3, Census Tract 1008.04, Chesterfield County, Virginia",510411008043,968,494,494,437,57,0,474,51,41,100804,3
"Block Group 2, Census Tract 4915.02, Fairfax County, Virginia",510594915022,1924,1490,1490,1446,44,0,434,51,59,491502,2
"Block Group 1, Census Tract 4916.01, Fairfax County, Virginia",510594916011,891,607,607,607,0,0,284,51,59,491601,1
"Block Group 2, Census Tract 4916.01, Fairfax County, Virginia",510594916012,1847,1375,1375,1285,90,0,472,51,59,491601,2
"Block Group 1, Census Tract 4916.02, Fairfax County, Virginia",510594916021,2424,2001,1988,1932,56,13,423,51,59,491602,1
"Block Group 2, Census Tract 4916.02, Fairfax County, Virginia",510594916022,2012,1343,1343,1242,101,0,669,51,59,491602,2
"Block Group 2, Census Tract 4917.01, Fairfax County, Virginia",510594917012,1711,1284,1284,1232,52,0,427,51,59,491701,2
"Block Group 3, Census Tract 4917.01, Fairfax County, Virginia",510594917013,1446,1081,1081,1026,55,0,365,51,59,491701,3
"Block Group 2, Census Tract 4917.03, Fairfax County, Virginia",510594917032,1277,1162,1144,1144,0,18,115,51,59,491703,2
"Block Group 3, Census Tract 4917.03, Fairfax County, Virginia",510594917033,1019,757,744,744,0,13,262,51,59,491703,3
"Block Group 2, Census Tract 4917.04, Fairfax County, Virginia",510594917042,1565,1207,1195,1173,22,12,358,51,59,491704,2
"Block Group 3, Census Tract 4917.04, Fairfax County, Virginia",510594917043,2018,1683,1683,1392,291,0,335,51,59,491704,3
"Block Group 1, Census Tract 4917.06, Fairfax County, Virginia",510594917061,778,623,623,612,11,0,155,51,59,491706,1
"Block Group 2, Census Tract 4917.06, Fairfax County, Virginia",510594917062,1317,1125,1114,1114,0,11,192,51,59,491706,2
"Block Group 1, Census Tract 4917.07, Fairfax County, Virginia",510594917071,1796,1312,1247,1247,0,65,484,51,59,491707,1
"Block Group 2, Census Tract 4917.07, Fairfax County, Virginia",510594917072,808,491,491,491,0,0,317,51,59,491707,2
"Block Group 3, Census Tract 4917.07, Fairfax County, Virginia",510594917073,1282,993,993,874,119,0,289,51,59,491707,3
"Block Group 1, Census Tract 4918.01, Fairfax County, Virginia",510594918011,1096,853,841,830,11,12,243,51,59,491801,1
"Block Group 2, Census Tract 4918.01, Fairfax County, Virginia",510594918012,1092,840,840,823,17,0,252,51,59,491801,2
"Block Group 1, Census Tract 4918.02, Fairfax County, Virginia",510594918021,1232,975,967,958,9,8,257,51,59,491802,1
"Block Group 2, Census Tract 4918.02, Fairfax County, Virginia",510594918022,1051,632,626,612,14,6,419,51,59,491802,2
"Block Group 1, Census Tract 4918.03, Fairfax County, Virginia",510594918031,1951,1465,1436,1413,23,29,486,51,59,491803,1
"Block Group 2, Census Tract 4918.03, Fairfax County, Virginia",510594918032,903,633,633,633,0,0,270,51,59,491803,2
"Block Group 3, Census Tract 4918.03, Fairfax County, Virginia",510594918033,2376,1750,1750,1672,78,0,626,51,59,491803,3
"Block Group 1, Census Tract 4920, Fairfax County, Virginia",510594920001,1889,1135,1076,1038,38,59,754,51,59,492000,1
"Block Group 2, Census Tract 4920, Fairfax County, Virginia",510594920002,1832,1304,1304,1187,117,0,528,51,59,492000,2
"Block Group 3, Census Tract 4920, Fairfax County, Virginia",510594920003,1882,1221,1221,1159,62,0,661,51,59,492000,3
"Block Group 1, Census Tract 4921, Fairfax County, Virginia",510594921001,1472,868,868,827,41,0,604,51,59,492100,1
"Block Group 3, Census Tract 4921, Fairfax County, Virginia",510594921003,1476,1076,1076,1052,24,0,400,51,59,492100,3
"Block Group 4, Census Tract 4921, Fairfax County, Virginia",510594921004,667,502,502,457,45,0,165,51,59,492100,4
"Block Group 2, Census Tract 4922.01, Fairfax County, Virginia",510594922012,826,570,546,533,13,24,256,51,59,492201,2
"Block Group 1, Census Tract 4922.02, Fairfax County, Virginia",510594922021,1367,789,789,759,30,0,578,51,59,492202,1
"Block Group 3, Census Tract 4922.02, Fairfax County, Virginia",510594922023,1372,780,695,676,19,85,592,51,59,492202,3
"Block Group 1, Census Tract 4922.03, Fairfax County, Virginia",510594922031,437,257,257,257,0,0,180,51,59,492203,1
"Block Group 3, Census Tract 4922.03, Fairfax County, Virginia",510594922033,1460,1132,1116,1089,27,16,328,51,59,492203,3
"Block Group 1, Census Tract 4923, Fairfax County, Virginia",510594923001,1247,1056,1056,1008,48,0,191,51,59,492300,1
"Block Group 1, Census Tract 4924, Fairfax County, Virginia",510594924001,1402,987,977,977,0,10,415,51,59,492400,1
"Block Group 2, Census Tract 4924, Fairfax County, Virginia",510594924002,2584,1988,1938,1756,182,50,596,51,59,492400,2
"Block Group 2, Census Tract 4925, Fairfax County, Virginia",510594925002,1544,879,879,857,22,0,665,51,59,492500,2
"Block Group 1, Census Tract 9801, Fairfax County, Virginia",510599801001,5,0,0,0,0,0,5,51,59,980100,1
"Block Group 1, Census Tract 9803, Fairfax County, Virginia",510599803001,0,0,0,0,0,0,0,51,59,980300,1
"Block Group 1, Census Tract 9301.01, Fauquier County, Virginia",510619301011,976,529,529,529,0,0,447,51,61,930101,1
"Block Group 3, Census Tract 6110.05, Loudoun County, Virginia",511076110053,1410,976,968,957,11,8,434,51,107,611005,3
"Block Group 1, Census Tract 6110.06, Loudoun County, Virginia",511076110061,1453,1242,1242,1203,39,0,211,51,107,611006,1
"Block Group 2, Census Tract 6110.06, Loudoun County, Virginia",511076110062,1298,957,957,896,61,0,341,51,107,611006,2
"Block Group 3, Census Tract 6110.06, Loudoun County, Virginia",511076110063,1347,950,944,932,12,6,397,51,107,611006,3
"Block Group 1, Census Tract 6110.09, Loudoun County, Virginia",511076110091,1350,1041,1041,1033,8,0,309,51,107,611009,1
"Block Group 2, Census Tract 6110.09, Loudoun County, Virginia",511076110092,1447,1063,1063,1038,25,0,384,51,107,611009,2
"Block Group 3, Census Tract 6110.09, Loudoun County, Virginia",511076110093,1075,859,859,859,0,0,216,51,107,611009,3
"Block Group 1, Census Tract 6110.10, Loudoun County, Virginia",511076110101,569,70,70,70,0,0,499,51,107,611010,1
"Block Group 1, Census Tract 6110.11, Loudoun County, Virginia",511076110111,1791,1434,1381,1354,27,53,357,51,107,611011,1
"Block Group 2, Census Tract 6110.11, Loudoun County, Virginia",511076110112,1111,932,906,906,0,26,179,51,107,611011,2
"Block Group 2, Census Tract 6110.12, Loudoun County, Virginia",511076110122,1839,1272,1272,1240,32,0,567,51,107,611012,2
"Block Group 1, Census Tract 6110.13, Loudoun County, Virginia",511076110131,1216,753,728,693,35,25,463,51,107,611013,1
"Block Group 1, Census Tract 6110.14, Loudoun County, Virginia",511076110141,1403,1292,1292,1271,21,0,111,51,107,611014,1
"Block Group 2, Census Tract 6110.14, Loudoun County, Virginia",511076110142,2124,1628,1628,1530,98,0,496,51,107,611014,2
"Block Group 2, Census Tract 6110.15, Loudoun County, Virginia",511076110152,618,504,504,504,0,0,114,51,107,611015,2
"Block Group 1, Census Tract 6110.16, Loudoun County, Virginia",511076110161,934,659,659,659,0,0,275,51,107,611016,1
"Block Group 3, Census Tract 6110.16, Loudoun County, Virginia",511076110163,1095,377,377,370,7,0,718,51,107,611016,3
"Block Group 1, Census Tract 6110.17, Loudoun County, Virginia",511076110171,1568,1074,1025,968,57,49,494,51,107,611017,1
"Block Group 1, Census Tract 6110.18, Loudoun County, Virginia",511076110181,1342,1083,1083,1040,43,0,259,51,107,611018,1
"Block Group 3, Census Tract 6110.18, Loudoun County, Virginia",511076110183,13,0,0,0,0,0,13,51,107,611018,3
"Block Group 1, Census Tract 6110.19, Loudoun County, Virginia",511076110191,2002,1360,1352,1315,37,8,642,51,107,611019,1
"Block Group 3, Census Tract 6110.19, Loudoun County, Virginia",511076110193,1422,1148,1139,1081,58,9,274,51,107,611019,3
"Block Group 3, Census Tract 6110.20, Loudoun County, Virginia",511076110203,1313,1071,1071,1071,0,0,242,51,107,611020,3
"Block Group 4, Census Tract 6110.20, Loudoun County, Virginia",511076110204,782,586,586,576,10,0,196,51,107,611020,4
"Block Group 6, Census Tract 6110.20, Loudoun County, Virginia",511076110206,490,397,397,387,10,0,93,51,107,611020,6
"Block Group 1, Census Tract 6110.22, Loudoun County, Virginia",511076110221,1190,1039,1039,1000,39,0,151,51,107,611022,1
"Block Group 3, Census Tract 6110.22, Loudoun County, Virginia",511076110223,955,636,636,636,0,0,319,51,107,611022,3
"Block Group 4, Census Tract 6110.22, Loudoun County, Virginia",511076110224,1480,1160,1160,1121,39,0,320,51,107,611022,4
"Block Group 2, Census Tract 6110.23, Loudoun County, Virginia",511076110232,1286,909,909,909,0,0,377,51,107,611023,2
"Block Group 3, Census Tract 6110.23, Loudoun County, Virginia",511076110233,1199,1038,1038,1000,38,0,161,51,107,611023,3
"Block Group 2, Census Tract 6110.26, Loudoun County, Virginia",511076110262,3699,2886,2867,2808,59,19,813,51,107,611026,2
"Block Group 1, Census Tract 6110.27, Loudoun County, Virginia",511076110271,2057,1732,1732,1732,0,0,325,51,107,611027,1
"Block Group 2, Census Tract 6110.28, Loudoun County, Virginia",511076110282,1704,1258,1258,1251,7,0,446,51,107,611028,2
"Block Group 1, Census Tract 6110.29, Loudoun County, Virginia",511076110291,1255,794,794,770,24,0,461,51,107,611029,1
"Block Group 3, Census Tract 6110.29, Loudoun County, Virginia",511076110293,1045,690,690,679,11,0,355,51,107,611029,3
"Block Group 1, Census Tract 6110.30, Loudoun County, Virginia",511076110301,2058,1584,1584,1527,57,0,474,51,107,611030,1
"Block Group 2, Census Tract 6110.30, Loudoun County, Virginia",511076110302,2629,1864,1864,1835,29,0,765,51,107,611030,2
"Block Group 1, Census Tract 6110.31, Loudoun County, Virginia",511076110311,863,841,775,742,33,66,22,51,107,611031,1
"Block Group 2, Census Tract 6110.31, Loudoun County, Virginia",511076110312,0,0,0,0,0,0,0,51,107,611031,2
"Block Group 1, Census Tract 6110.32, Loudoun County, Virginia",511076110321,1158,935,910,890,20,25,223,51,107,611032,1
"Block Group 2, Census Tract 6110.32, Loudoun County, Virginia",511076110322,957,804,804,775,29,0,153,51,107,611032,2
"Block Group 1, Census Tract 307.01, Roanoke County, Virginia",511610307011,2218,1319,1319,1239,80,0,899,51,161,30701,1
"Block Group 2, Census Tract 307.01, Roanoke County, Virginia",511610307012,711,392,392,376,16,0,319,51,161,30701,2
"Block Group 4, Census Tract 307.01, Roanoke County, Virginia",511610307014,977,644,644,631,13,0,333,51,161,30701,4
"Block Group 1, Census Tract 307.02, Roanoke County, Virginia",511610307021,1052,662,662,662,0,0,390,51,161,30702,1
"Block Group 3, Census Tract 307.02, Roanoke County, Virginia",511610307023,683,467,467,467,0,0,216,51,161,30702,3
"Block Group 4, Census Tract 307.02, Roanoke County, Virginia",511610307024,909,565,565,549,16,0,344,51,161,30702,4
"Block Group 2, Census Tract 308.02, Roanoke County, Virginia",511610308022,1418,725,725,725,0,0,693,51,161,30802,2
"Block Group 3, Census Tract 308.02, Roanoke County, Virginia",511610308023,682,365,365,337,28,0,317,51,161,30802,3
"Block Group 1, Census Tract 308.03, Roanoke County, Virginia",511610308031,1794,1480,1480,1459,21,0,314,51,161,30803,1
"Block Group 2, Census Tract 308.03, Roanoke County, Virginia",511610308032,1361,965,965,901,64,0,396,51,161,30803,2
"Block Group 1, Census Tract 309, Roanoke County, Virginia",511610309001,1222,820,820,777,43,0,402,51,161,30900,1
"Block Group 2, Census Tract 309, Roanoke County, Virginia",511610309002,393,135,135,135,0,0,258,51,161,30900,2
"Block Group 4, Census Tract 309, Roanoke County, Virginia",511610309004,1454,858,858,832,26,0,596,51,161,30900,4
"Block Group 5, Census Tract 309, Roanoke County, Virginia",511610309005,1332,838,820,800,20,18,494,51,161,30900,5
"Block Group 2, Census Tract 310, Roanoke County, Virginia",511610310002,1134,700,700,682,18,0,434,51,161,31000,2
"Block Group 3, Census Tract 310, Roanoke County, Virginia",511610310003,697,510,510,422,88,0,187,51,161,31000,3
"Block Group 2, Census Tract 311.01, Roanoke County, Virginia",511610311012,1505,822,822,773,49,0,683,51,161,31101,2
"Block Group 1, Census Tract 311.02, Roanoke County, Virginia",511610311021,2000,1167,1167,1111,56,0,833,51,161,31102,1
"Block Group 2, Census Tract 311.02, Roanoke County, Virginia",511610311022,1056,753,753,699,54,0,303,51,161,31102,2
"Block Group 2, Census Tract 312.01, Roanoke County, Virginia",511610312012,1158,727,727,713,14,0,431,51,161,31201,2
"Block Group 3, Census Tract 312.01, Roanoke County, Virginia",511610312013,1072,753,753,753,0,0,319,51,161,31201,3
"Block Group 2, Census Tract 312.02, Roanoke County, Virginia",511610312022,580,342,342,342,0,0,238,51,161,31202,2
"Block Group 3, Census Tract 312.02, Roanoke County, Virginia",511610312023,1754,1067,1067,1067,0,0,687,51,161,31202,3
"Block Group 1, Census Tract 9301.01, Rockbridge County, Virginia",511639301011,1144,704,704,635,69,0,440,51,163,930101,1
"Block Group 2, Census Tract 9301.01, Rockbridge County, Virginia",511639301012,1655,902,888,888,0,14,753,51,163,930101,2
"Block Group 1, Census Tract 9301.02, Rockbridge County, Virginia",511639301021,1372,920,920,920,0,0,452,51,163,930102,1
"Block Group 2, Census Tract 9301.02, Rockbridge County, Virginia",511639301022,806,446,446,410,36,0,360,51,163,930102,2
"Block Group 3, Census Tract 9301.02, Rockbridge County, Virginia",511639301023,1058,591,575,564,11,16,467,51,163,930102,3
"Block Group 4, Census Tract 9301.02, Rockbridge County, Virginia",511639301024,582,391,391,362,29,0,191,51,163,930102,4
"Block Group 1, Census Tract 9302, Rockbridge County, Virginia",511639302001,1923,1009,1009,873,136,0,914,51,163,930200,1
"Block Group 2, Census Tract 9302, Rockbridge County, Virginia",511639302002,1187,618,618,618,0,0,569,51,163,930200,2
"Block Group 3, Census Tract 9302, Rockbridge County, Virginia",511639302003,662,336,336,331,5,0,326,51,163,930200,3
"Block Group 1, Census Tract 9303.01, Rockbridge County, Virginia",511639303011,1225,753,753,738,15,0,472,51,163,930301,1
"Block Group 2, Census Tract 9303.01, Rockbridge County, Virginia",511639303012,934,638,638,600,38,0,296,51,163,930301,2
"Block Group 1, Census Tract 9303.02, Rockbridge County, Virginia",511639303021,1305,574,574,511,63,0,731,51,163,930302,1
"Block Group 2, Census Tract 9303.02, Rockbridge County, Virginia",511639303022,1292,755,730,721,9,25,537,51,163,930302,2
"Block Group 3, Census Tract 9303.02, Rockbridge County, Virginia",511639303023,825,386,386,386,0,0,439,51,163,930302,3
"Block Group 2, Census Tract 9304, Rockbridge County, Virginia",511639304002,969,586,586,510,76,0,383,51,163,930400,2
"Block Group 3, Census Tract 9304, Rockbridge County, Virginia",511639304003,758,399,393,387,6,6,359,51,163,930400,3
"Block Group 1, Census Tract 101, Rockingham County, Virginia",511650101001,2204,1122,1122,1064,58,0,1082,51,165,10100,1
"Block Group 2, Census Tract 101, Rockingham County, Virginia",511650101002,801,506,506,506,0,0,295,51,165,10100,2
"Block Group 2, Census Tract 210.10, Chesapeake city, Virginia",515500210102,715,337,325,315,10,12,378,51,550,21010,2
"Block Group 3, Census Tract 210.10, Chesapeake city, Virginia",515500210103,1745,1201,1152,1098,54,49,544,51,550,21010,3
"Block Group 2, Census Tract 210.11, Chesapeake city, Virginia",515500210112,953,748,682,663,19,66,205,51,550,21011,2
"Block Group 1, Census Tract 210.12, Chesapeake city, Virginia",515500210121,1228,1019,1019,946,73,0,209,51,550,21012,1
"Block Group 3, Census Tract 210.12, Chesapeake city, Virginia",515500210123,1496,977,962,934,28,15,519,51,550,21012,3
"Block Group 4, Census Tract 210.12, Chesapeake city, Virginia",515500210124,816,556,556,490,66,0,260,51,550,21012,4
"Block Group 1, Census Tract 210.13, Chesapeake city, Virginia",515500210131,1492,967,864,855,9,103,525,51,550,21013,1
"Block Group 2, Census Tract 210.13, Chesapeake city, Virginia",515500210132,1933,1416,1375,1321,54,41,517,51,550,21013,2
"Block Group 1, Census Tract 210.14, Chesapeake city, Virginia",515500210141,1715,1370,1242,1187,55,128,345,51,550,21014,1
"Block Group 1, Census Tract 210.15, Chesapeake city, Virginia",515500210151,1676,1200,1184,1108,76,16,476,51,550,21015,1
"Block Group 1, Census Tract 210.16, Chesapeake city, Virginia",515500210161,2340,1591,1493,1480,13,98,749,51,550,21016,1
"Block Group 2, Census Tract 210.16, Chesapeake city, Virginia",515500210162,1317,512,501,482,19,11,805,51,550,21016,2
"Block Group 1, Census Tract 211.01, Chesapeake city, Virginia",515500211011,1415,961,905,905,0,56,454,51,550,21101,1
"Block Group 2, Census Tract 211.01, Chesapeake city, Virginia",515500211012,1331,916,756,713,43,160,415,51,550,21101,2
"Block Group 3, Census Tract 211.01, Chesapeake city, Virginia",515500211013,1085,777,732,732,0,45,308,51,550,21101,3
"Block Group 1, Census Tract 211.03, Chesapeake city, Virginia",515500211031,946,608,588,588,0,20,338,51,550,21103,1
"Block Group 2, Census Tract 211.03, Chesapeake city, Virginia",515500211032,1537,974,943,914,29,31,563,51,550,21103,2
"Block Group 1, Census Tract 211.04, Chesapeake city, Virginia",515500211041,1860,1268,1217,1194,23,51,592,51,550,21104,1
"Block Group 2, Census Tract 211.04, Chesapeake city, Virginia",515500211042,2909,168,168,168,0,0,2741,51,550,21104,2
"Block Group 1, Census Tract 212, Chesapeake city, Virginia",515500212001,1743,1098,1002,985,17,96,645,51,550,21200,1
"Block Group 3, Census Tract 212, Chesapeake city, Virginia",515500212003,1445,1032,466,455,11,566,413,51,550,21200,3
"Block Group 1, Census Tract 213.01, Chesapeake city, Virginia",515500213011,902,628,576,540,36,52,274,51,550,21301,1
"Block Group 3, Census Tract 213.01, Chesapeake city, Virginia",515500213013,3200,2384,2225,2141,84,159,816,51,550,21301,3
"Block Group 1, Census Tract 213.03, Chesapeake city, Virginia",515500213031,1960,1146,1090,1090,0,56,814,51,550,21303,1
"Block Group 1, Census Tract 213.05, Chesapeake city, Virginia",515500213051,1132,783,717,675,42,66,349,51,550,21305,1
"Block Group 2, Census Tract 213.05, Chesapeake city, Virginia",515500213052,1938,1346,1193,1141,52,153,592,51,550,21305,2
"Block Group 1, Census Tract 214.01, Chesapeake city, Virginia",515500214011,1572,1178,1118,1066,52,60,394,51,550,21401,1
"Block Group 1, Census Tract 214.02, Chesapeake city, Virginia",515500214021,1466,1041,1001,816,185,40,425,51,550,21402,1
"Block Group 3, Census Tract 214.02, Chesapeake city, Virginia",515500214023,1651,1000,944,936,8,56,651,51,550,21402,3
"Block Group 4, Census Tract 214.02, Chesapeake city, Virginia",515500214024,875,445,383,350,33,62,430,51,550,21402,4
"Block Group 2, Census Tract 214.03, Chesapeake city, Virginia",515500214032,832,553,474,474,0,79,279,51,550,21403,2
"Block Group 3, Census Tract 214.03, Chesapeake city, Virginia",515500214033,2298,1357,1347,1316,31,10,941,51,550,21403,3
"Block Group 1, Census Tract 214.06, Chesapeake city, Virginia",515500214061,2139,1411,1338,1338,0,73,728,51,550,21406,1
"Block Group 2, Census Tract 214.07, Chesapeake city, Virginia",515500214072,1110,620,587,542,45,33,490,51,550,21407,2
"Block Group 1, Census Tract 215.04, Chesapeake city, Virginia",515500215041,760,555,532,532,0,23,205,51,550,21504,1
"Block Group 2, Census Tract 215.04, Chesapeake city, Virginia",515500215042,1878,1268,1149,1051,98,119,610,51,550,21504,2
"Block Group 2, Census Tract 215.05, Chesapeake city, Virginia",515500215052,2556,2097,2082,2045,37,15,459,51,550,21505,2
"Block Group 1, Census Tract 215.06, Chesapeake city, Virginia",515500215061,1741,1007,968,908,60,39,734,51,550,21506,1
"Block Group 2, Census Tract 215.07, Chesapeake city, Virginia",515500215072,1865,1085,959,920,39,126,780,51,550,21507,2
"Block Group 3, Census Tract 215.07, Chesapeake city, Virginia",515500215073,1124,662,645,628,17,17,462,51,550,21507,3
"Block Group 2, Census Tract 216.02, Chesapeake city, Virginia",515500216022,310,310,282,282,0,28,0,51,550,21602,2
"Block Group 3, Census Tract 2131.01, Portsmouth city, Virginia",517402131013,1502,1193,1103,1086,17,90,309,51,740,213101,3
"Block Group 1, Census Tract 2131.03, Portsmouth city, Virginia",517402131031,616,465,465,465,0,0,151,51,740,213103,1
"Block Group 2, Census Tract 2131.03, Portsmouth city, Virginia",517402131032,466,301,301,291,10,0,165,51,740,213103,2
"Block Group 3, Census Tract 2131.03, Portsmouth city, Virginia",517402131033,1746,1113,1060,912,148,53,633,51,740,213103,3
"Block Group 5, Census Tract 2131.03, Portsmouth city, Virginia",517402131035,866,718,704,674,30,14,148,51,740,213103,5
"Block Group 1, Census Tract 2131.04, Portsmouth city, Virginia",517402131041,2423,1720,1600,1470,130,120,703,51,740,213104,1
"Block Group 1, Census Tract 2132, Portsmouth city, Virginia",517402132001,1658,1310,605,565,40,705,348,51,740,213200,1
"Block Group 2, Census Tract 2132, Portsmouth city, Virginia",517402132002,625,347,320,309,11,27,278,51,740,213200,2
"Block Group 1, Census Tract 101.01, Radford city, Virginia",517500101011,2006,832,832,823,9,0,1174,51,750,10101,1
"Block Group 2, Census Tract 101.01, Radford city, Virginia",517500101012,1141,656,643,566,77,13,485,51,750,10101,2
"Block Group 1, Census Tract 101.02, Radford city, Virginia",517500101021,2658,1018,1018,885,133,0,1640,51,750,10102,1
"Block Group 2, Census Tract 101.02, Radford city, Virginia",517500101022,1258,692,692,670,22,0,566,51,750,10102,2
"Block Group 1, Census Tract 102.01, Radford city, Virginia",517500102011,1614,781,781,772,9,0,833,51,750,10201,1
"Block Group 1, Census Tract 102.02, Radford city, Virginia",517500102021,1004,644,644,604,40,0,360,51,750,10202,1
"Block Group 2, Census Tract 102.02, Radford city, Virginia",517500102022,781,530,530,513,17,0,251,51,750,10202,2
"Block Group 1, Census Tract 102.01, Richmond city, Virginia",517600102011,952,620,620,592,28,0,332,51,760,10201,1
"Block Group 2, Census Tract 102.01, Richmond city, Virginia",517600102012,1232,937,937,863,74,0,295,51,760,10201,2
"Block Group 2, Census Tract 102.02, Richmond city, Virginia",517600102022,801,707,707,662,45,0,94,51,760,10202,2
"Block Group 1, Census Tract 103, Richmond city, Virginia",517600103001,1261,710,700,635,65,10,551,51,760,10300,1
"Block Group 2, Census Tract 104.01, Richmond city, Virginia",517600104012,1130,880,880,852,28,0,250,51,760,10401,2
"Block Group 1, Census Tract 104.02, Richmond city, Virginia",517600104021,965,521,521,496,25,0,444,51,760,10402,1
"Block Group 3, Census Tract 104.02, Richmond city, Virginia",517600104023,643,391,391,368,23,0,252,51,760,10402,3
"Block Group 1, Census Tract 105, Richmond city, Virginia",517600105001,655,422,422,412,10,0,233,51,760,10500,1
"Block Group 1, Census Tract 106, Richmond city, Virginia",517600106001,1936,1106,1102,1077,25,4,830,51,760,10600,1
"Block Group 1, Census Tract 107, Richmond city, Virginia",517600107001,1180,720,705,655,50,15,460,51,760,10700,1
"Block Group 3, Census Tract 107, Richmond city, Virginia",517600107003,338,230,230,216,14,0,108,51,760,10700,3
"Block Group 1, Census Tract 108, Richmond city, Virginia",517600108001,1837,1170,1141,1055,86,29,667,51,760,10800,1
"Block Group 3, Census Tract 108, Richmond city, Virginia",517600108003,642,332,332,332,0,0,310,51,760,10800,3
"Block Group 1, Census Tract 109, Richmond city, Virginia",517600109001,978,548,548,511,37,0,430,51,760,10900,1
"Block Group 3, Census Tract 109, Richmond city, Virginia",517600109003,355,206,206,95,111,0,149,51,760,10900,3
"Block Group 1, Census Tract 110, Richmond city, Virginia",517600110001,696,356,356,296,60,0,340,51,760,11000,1
"Block Group 2, Census Tract 110, Richmond city, Virginia",517600110002,820,523,523,505,18,0,297,51,760,11000,2
"Block Group 1, Census Tract 111, Richmond city, Virginia",517600111001,830,602,602,548,54,0,228,51,760,11100,1
"Block Group 2, Census Tract 111, Richmond city, Virginia",517600111002,605,523,480,467,13,43,82,51,760,11100,2
"Block Group 3, Census Tract 111, Richmond city, Virginia",517600111003,616,438,438,416,22,0,178,51,760,11100,3
"Block Group 4, Census Tract 111, Richmond city, Virginia",517600111004,1159,568,568,533,35,0,591,51,760,11100,4
"Block Group 1, Census Tract 201, Richmond city, Virginia",517600201001,1338,548,548,392,156,0,790,51,760,20100,1
"Block Group 1, Census Tract 202, Richmond city, Virginia",517600202001,951,455,455,352,103,0,496,51,760,20200,1
"Block Group 2, Census Tract 202, Richmond city, Virginia",517600202002,1321,650,650,550,100,0,671,51,760,20200,2
"Block Group 1, Census Tract 203, Richmond city, Virginia",517600203001,596,274,274,274,0,0,322,51,760,20300,1
"Block Group 2, Census Tract 203, Richmond city, Virginia",517600203002,989,587,567,537,30,20,402,51,760,20300,2
"Block Group 1, Census Tract 1008.05, Chesterfield County, Virginia",510411008051,1204,592,592,592,0,0,612,51,41,100805,1
"Block Group 2, Census Tract 1008.05, Chesterfield County, Virginia",510411008052,692,420,420,371,49,0,272,51,41,100805,2
"Block Group 4, Census Tract 1008.05, Chesterfield County, Virginia",510411008054,1902,1316,1316,1251,65,0,586,51,41,100805,4
"Block Group 1, Census Tract 1008.06, Chesterfield County, Virginia",510411008061,1005,769,769,600,169,0,236,51,41,100806,1
"Block Group 1, Census Tract 1008.07, Chesterfield County, Virginia",510411008071,1622,1154,1146,1081,65,8,468,51,41,100807,1
"Block Group 1, Census Tract 1008.12, Chesterfield County, Virginia",510411008121,1083,538,525,504,21,13,545,51,41,100812,1
"Block Group 3, Census Tract 1008.12, Chesterfield County, Virginia",510411008123,1220,703,703,703,0,0,517,51,41,100812,3
"Block Group 1, Census Tract 1008.14, Chesterfield County, Virginia",510411008141,1524,1173,1173,1058,115,0,351,51,41,100814,1
"Block Group 1, Census Tract 1008.15, Chesterfield County, Virginia",510411008151,1788,1311,1256,1235,21,55,477,51,41,100815,1
"Block Group 2, Census Tract 1008.15, Chesterfield County, Virginia",510411008152,3262,2364,2356,2324,32,8,898,51,41,100815,2
"Block Group 2, Census Tract 1008.16, Chesterfield County, Virginia",510411008162,1817,1315,1315,1250,65,0,502,51,41,100816,2
"Block Group 2, Census Tract 1008.17, Chesterfield County, Virginia",510411008172,1207,351,351,321,30,0,856,51,41,100817,2
"Block Group 1, Census Tract 1008.18, Chesterfield County, Virginia",510411008181,928,751,751,657,94,0,177,51,41,100818,1
"Block Group 1, Census Tract 1008.19, Chesterfield County, Virginia",510411008191,1192,882,882,842,40,0,310,51,41,100819,1
"Block Group 2, Census Tract 1008.19, Chesterfield County, Virginia",510411008192,1889,1310,1234,1138,96,76,579,51,41,100819,2
"Block Group 1, Census Tract 1008.20, Chesterfield County, Virginia",510411008201,1490,997,997,946,51,0,493,51,41,100820,1
"Block Group 2, Census Tract 1008.20, Chesterfield County, Virginia",510411008202,1890,1586,1586,1219,367,0,304,51,41,100820,2
"Block Group 1, Census Tract 1008.21, Chesterfield County, Virginia",510411008211,1642,794,784,747,37,10,848,51,41,100821,1
"Block Group 3, Census Tract 1008.21, Chesterfield County, Virginia",510411008213,751,461,461,425,36,0,290,51,41,100821,3
"Block Group 1, Census Tract 1008.22, Chesterfield County, Virginia",510411008221,635,346,346,337,9,0,289,51,41,100822,1
"Block Group 3, Census Tract 1008.22, Chesterfield County, Virginia",510411008223,1733,1342,1309,1264,45,33,391,51,41,100822,3
"Block Group 1, Census Tract 1008.23, Chesterfield County, Virginia",510411008231,1466,889,862,831,31,27,577,51,41,100823,1
"Block Group 3, Census Tract 1008.23, Chesterfield County, Virginia",510411008233,2343,1327,1309,1282,27,18,1016,51,41,100823,3
"Block Group 1, Census Tract 1009.02, Chesterfield County, Virginia",510411009021,867,565,558,523,35,7,302,51,41,100902,1
"Block Group 3, Census Tract 1009.02, Chesterfield County, Virginia",510411009023,642,489,489,489,0,0,153,51,41,100902,3
"Block Group 1, Census Tract 1009.07, Chesterfield County, Virginia",510411009071,986,687,687,657,30,0,299,51,41,100907,1
"Block Group 1, Census Tract 1009.10, Chesterfield County, Virginia",510411009101,1040,883,883,883,0,0,157,51,41,100910,1
"Block Group 2, Census Tract 1009.10, Chesterfield County, Virginia",510411009102,1160,1017,1017,1008,9,0,143,51,41,100910,2
"Block Group 4, Census Tract 1009.10, Chesterfield County, Virginia",510411009104,645,480,480,465,15,0,165,51,41,100910,4
"Block Group 1, Census Tract 1009.12, Chesterfield County, Virginia",510411009121,1772,1058,1058,1038,20,0,714,51,41,100912,1
"Block Group 2, Census Tract 1009.12, Chesterfield County, Virginia",510411009122,1166,852,852,852,0,0,314,51,41,100912,2
"Block Group 3, Census Tract 1009.12, Chesterfield County, Virginia",510411009123,1291,875,875,857,18,0,416,51,41,100912,3
"Block Group 4, Census Tract 1009.12, Chesterfield County, Virginia",510411009124,850,665,665,626,39,0,185,51,41,100912,4
"Block Group 1, Census Tract 1009.15, Chesterfield County, Virginia",510411009151,1210,931,931,884,47,0,279,51,41,100915,1
"Block Group 2, Census Tract 1009.15, Chesterfield County, Virginia",510411009152,1915,1297,1297,1217,80,0,618,51,41,100915,2
"Block Group 1, Census Tract 1009.19, Chesterfield County, Virginia",510411009191,2334,1459,1459,1417,42,0,875,51,41,100919,1
"Block Group 2, Census Tract 1009.19, Chesterfield County, Virginia",510411009192,963,760,760,742,18,0,203,51,41,100919,2
"Block Group 3, Census Tract 1009.19, Chesterfield County, Virginia",510411009193,1965,1214,1214,1179,35,0,751,51,41,100919,3
"Block Group 1, Census Tract 1009.20, Chesterfield County, Virginia",510411009201,1491,1099,1099,1044,55,0,392,51,41,100920,1
"Block Group 1, Census Tract 9301.02, Fauquier County, Virginia",510619301021,931,619,619,619,0,0,312,51,61,930102,1
"Block Group 2, Census Tract 9301.02, Fauquier County, Virginia",510619301022,911,565,565,565,0,0,346,51,61,930102,2
"Block Group 2, Census Tract 9302.03, Fauquier County, Virginia",510619302032,1684,1173,1173,1122,51,0,511,51,61,930203,2
"Block Group 1, Census Tract 9302.04, Fauquier County, Virginia",510619302041,1975,1284,1284,1260,24,0,691,51,61,930204,1
"Block Group 1, Census Tract 9302.05, Fauquier County, Virginia",510619302051,426,304,304,282,22,0,122,51,61,930205,1
"Block Group 2, Census Tract 9302.05, Fauquier County, Virginia",510619302052,965,659,659,642,17,0,306,51,61,930205,2
"Block Group 2, Census Tract 9302.06, Fauquier County, Virginia",510619302062,806,539,539,493,46,0,267,51,61,930206,2
"Block Group 2, Census Tract 9303.03, Fauquier County, Virginia",510619303032,1748,1017,1017,999,18,0,731,51,61,930303,2
"Block Group 1, Census Tract 9303.05, Fauquier County, Virginia",510619303051,1434,830,830,825,5,0,604,51,61,930305,1
"Block Group 2, Census Tract 9303.05, Fauquier County, Virginia",510619303052,1662,1178,1178,1116,62,0,484,51,61,930305,2
"Block Group 1, Census Tract 9303.06, Fauquier County, Virginia",510619303061,2146,1525,1525,1424,101,0,621,51,61,930306,1
"Block Group 1, Census Tract 9304.01, Fauquier County, Virginia",510619304011,1668,1182,1182,1127,55,0,486,51,61,930401,1
"Block Group 3, Census Tract 9304.01, Fauquier County, Virginia",510619304013,954,561,561,538,23,0,393,51,61,930401,3
"Block Group 1, Census Tract 9304.02, Fauquier County, Virginia",510619304021,1774,903,903,903,0,0,871,51,61,930402,1
"Block Group 2, Census Tract 9304.02, Fauquier County, Virginia",510619304022,968,739,739,650,89,0,229,51,61,930402,2
"Block Group 3, Census Tract 9304.02, Fauquier County, Virginia",510619304023,2743,1855,1843,1810,33,12,888,51,61,930402,3
"Block Group 1, Census Tract 9304.04, Fauquier County, Virginia",510619304041,589,294,294,294,0,0,295,51,61,930404,1
"Block Group 2, Census Tract 9304.04, Fauquier County, Virginia",510619304042,1609,1163,1163,1162,1,0,446,51,61,930404,2
"Block Group 1, Census Tract 9304.05, Fauquier County, Virginia",510619304051,1704,1102,1082,1082,0,20,602,51,61,930405,1
"Block Group 2, Census Tract 9304.05, Fauquier County, Virginia",510619304052,1958,1276,1276,1261,15,0,682,51,61,930405,2
"Block Group 1, Census Tract 9307.03, Fauquier County, Virginia",510619307031,1174,785,785,769,16,0,389,51,61,930703,1
"Block Group 2, Census Tract 9307.03, Fauquier County, Virginia",510619307032,597,399,399,399,0,0,198,51,61,930703,2
"Block Group 1, Census Tract 9307.04, Fauquier County, Virginia",510619307041,812,542,542,529,13,0,270,51,61,930704,1
"Block Group 2, Census Tract 9307.04, Fauquier County, Virginia",510619307042,832,629,621,621,0,8,203,51,61,930704,2
"Block Group 3, Census Tract 9307.04, Fauquier County, Virginia",510619307043,1191,724,724,706,18,0,467,51,61,930704,3
"Block Group 1, Census Tract 9307.05, Fauquier County, Virginia",510619307051,1680,1320,1320,1280,40,0,360,51,61,930705,1
"Block Group 2, Census Tract 9307.05, Fauquier County, Virginia",510619307052,993,677,677,645,32,0,316,51,61,930705,2
"Block Group 1, Census Tract 9307.06, Fauquier County, Virginia",510619307061,932,650,650,619,31,0,282,51,61,930706,1
"Block Group 3, Census Tract 9307.06, Fauquier County, Virginia",510619307063,1287,995,995,969,26,0,292,51,61,930706,3
"Block Group 1, Census Tract 9307.07, Fauquier County, Virginia",510619307071,1086,828,828,803,25,0,258,51,61,930707,1
"Block Group 1, Census Tract 9201.02, Floyd County, Virginia",510639201021,1484,857,857,851,6,0,627,51,63,920102,1
"Block Group 2, Census Tract 9201.02, Floyd County, Virginia",510639201022,869,535,535,522,13,0,334,51,63,920102,2
"Block Group 1, Census Tract 9201.03, Floyd County, Virginia",510639201031,1545,953,953,921,32,0,592,51,63,920103,1
"Block Group 2, Census Tract 9201.03, Floyd County, Virginia",510639201032,1095,569,569,569,0,0,526,51,63,920103,2
"Block Group 1, Census Tract 9201.04, Floyd County, Virginia",510639201041,618,434,434,434,0,0,184,51,63,920104,1
"Block Group 2, Census Tract 9201.04, Floyd County, Virginia",510639201042,1399,806,806,789,17,0,593,51,63,920104,2
"Block Group 2, Census Tract 9202.01, Floyd County, Virginia",510639202012,1720,996,996,964,32,0,724,51,63,920201,2
"Block Group 1, Census Tract 9202.02, Floyd County, Virginia",510639202021,565,316,316,316,0,0,249,51,63,920202,1
"Block Group 1, Census Tract 201.01, Fluvanna County, Virginia",510650201011,1011,805,805,805,0,0,206,51,65,20101,1
"Block Group 2, Census Tract 201.01, Fluvanna County, Virginia",510650201012,2272,743,743,732,11,0,1529,51,65,20101,2
"Block Group 1, Census Tract 6111.01, Loudoun County, Virginia",511076111011,1746,1285,1285,1252,33,0,461,51,107,611101,1
"Block Group 2, Census Tract 6111.01, Loudoun County, Virginia",511076111012,936,748,748,702,46,0,188,51,107,611101,2
"Block Group 3, Census Tract 6111.01, Loudoun County, Virginia",511076111013,804,647,647,602,45,0,157,51,107,611101,3
"Block Group 1, Census Tract 6111.02, Loudoun County, Virginia",511076111021,1358,1072,1072,1052,20,0,286,51,107,611102,1
"Block Group 2, Census Tract 6111.02, Loudoun County, Virginia",511076111022,948,706,706,706,0,0,242,51,107,611102,2
"Block Group 3, Census Tract 6111.02, Loudoun County, Virginia",511076111023,2434,1844,1844,1792,52,0,590,51,107,611102,3
"Block Group 1, Census Tract 6112.02, Loudoun County, Virginia",511076112021,912,707,699,657,42,8,205,51,107,611202,1
"Block Group 2, Census Tract 6112.02, Loudoun County, Virginia",511076112022,1491,742,742,686,56,0,749,51,107,611202,2
"Block Group 3, Census Tract 6112.02, Loudoun County, Virginia",511076112023,1313,1007,1007,956,51,0,306,51,107,611202,3
"Block Group 2, Census Tract 6112.04, Loudoun County, Virginia",511076112042,1389,1104,1104,1001,103,0,285,51,107,611204,2
"Block Group 3, Census Tract 6112.04, Loudoun County, Virginia",511076112043,1134,939,939,899,40,0,195,51,107,611204,3
"Block Group 2, Census Tract 6112.05, Loudoun County, Virginia",511076112052,3503,2494,2481,2277,204,13,1009,51,107,611205,2
"Block Group 1, Census Tract 6112.06, Loudoun County, Virginia",511076112061,2045,1557,1548,1516,32,9,488,51,107,611206,1
"Block Group 1, Census Tract 6112.07, Loudoun County, Virginia",511076112071,1673,1339,1339,1259,80,0,334,51,107,611207,1
"Block Group 2, Census Tract 6112.07, Loudoun County, Virginia",511076112072,1282,1036,1036,1014,22,0,246,51,107,611207,2
"Block Group 2, Census Tract 6112.08, Loudoun County, Virginia",511076112082,1139,815,803,786,17,12,324,51,107,611208,2
"Block Group 1, Census Tract 6112.09, Loudoun County, Virginia",511076112091,2201,1697,1697,1560,137,0,504,51,107,611209,1
"Block Group 3, Census Tract 6112.09, Loudoun County, Virginia",511076112093,1181,821,821,785,36,0,360,51,107,611209,3
"Block Group 1, Census Tract 6113, Loudoun County, Virginia",511076113001,2806,2312,2204,2039,165,108,494,51,107,611300,1
"Block Group 3, Census Tract 6113, Loudoun County, Virginia",511076113003,2307,1848,1823,1685,138,25,459,51,107,611300,3
"Block Group 1, Census Tract 6114, Loudoun County, Virginia",511076114001,1718,1277,1277,1078,199,0,441,51,107,611400,1
"Block Group 3, Census Tract 6114, Loudoun County, Virginia",511076114003,1409,994,986,938,48,8,415,51,107,611400,3
"Block Group 1, Census Tract 6115.01, Loudoun County, Virginia",511076115011,580,498,498,498,0,0,82,51,107,611501,1
"Block Group 3, Census Tract 6115.01, Loudoun County, Virginia",511076115013,2463,2034,2034,1964,70,0,429,51,107,611501,3
"Block Group 1, Census Tract 6115.02, Loudoun County, Virginia",511076115021,1243,1031,1014,1005,9,17,212,51,107,611502,1
"Block Group 3, Census Tract 6115.02, Loudoun County, Virginia",511076115023,1319,1084,1084,1043,41,0,235,51,107,611502,3
"Block Group 1, Census Tract 6116.01, Loudoun County, Virginia",511076116011,1232,1050,1050,1050,0,0,182,51,107,611601,1
"Block Group 1, Census Tract 6117.01, Loudoun County, Virginia",511076117011,834,510,510,510,0,0,324,51,107,611701,1
"Block Group 2, Census Tract 6117.01, Loudoun County, Virginia",511076117012,2912,2292,2292,2216,76,0,620,51,107,611701,2
"Block Group 2, Census Tract 6117.02, Loudoun County, Virginia",511076117022,2152,1783,1783,1767,16,0,369,51,107,611702,2
"Block Group 1, Census Tract 6118.03, Loudoun County, Virginia",511076118031,2202,1753,1729,1640,89,24,449,51,107,611803,1
"Block Group 3, Census Tract 6118.03, Loudoun County, Virginia",511076118033,1112,901,901,858,43,0,211,51,107,611803,3
"Block Group 1, Census Tract 6118.04, Loudoun County, Virginia",511076118041,786,665,665,623,42,0,121,51,107,611804,1
"Block Group 3, Census Tract 6118.04, Loudoun County, Virginia",511076118043,2083,1790,1790,1776,14,0,293,51,107,611804,3
"Block Group 4, Census Tract 6118.04, Loudoun County, Virginia",511076118044,1789,1523,1523,1449,74,0,266,51,107,611804,4
"Block Group 2, Census Tract 6118.05, Loudoun County, Virginia",511076118052,703,589,525,525,0,64,114,51,107,611805,2
"Block Group 3, Census Tract 6118.05, Loudoun County, Virginia",511076118053,958,728,702,690,12,26,230,51,107,611805,3
"Block Group 1, Census Tract 6118.07, Loudoun County, Virginia",511076118071,2700,2301,2301,2160,141,0,399,51,107,611807,1
"Block Group 2, Census Tract 6118.07, Loudoun County, Virginia",511076118072,1527,1198,1198,1198,0,0,329,51,107,611807,2
"Block Group 3, Census Tract 6118.07, Loudoun County, Virginia",511076118073,1477,1182,1182,1143,39,0,295,51,107,611807,3
"Block Group 1, Census Tract 6118.08, Loudoun County, Virginia",511076118081,1911,1604,1556,1476,80,48,307,51,107,611808,1
"Block Group 2, Census Tract 102, Rockingham County, Virginia",511650102002,910,737,737,735,2,0,173,51,165,10200,2
"Block Group 3, Census Tract 102, Rockingham County, Virginia",511650102003,1043,572,565,554,11,7,471,51,165,10200,3
"Block Group 1, Census Tract 103.02, Rockingham County, Virginia",511650103021,734,576,576,557,19,0,158,51,165,10302,1
"Block Group 2, Census Tract 103.02, Rockingham County, Virginia",511650103022,667,426,426,417,9,0,241,51,165,10302,2
"Block Group 1, Census Tract 104, Rockingham County, Virginia",511650104001,1080,708,708,673,35,0,372,51,165,10400,1
"Block Group 2, Census Tract 105, Rockingham County, Virginia",511650105002,954,671,671,624,47,0,283,51,165,10500,2
"Block Group 1, Census Tract 106, Rockingham County, Virginia",511650106001,1962,1195,1195,1110,85,0,767,51,165,10600,1
"Block Group 1, Census Tract 107, Rockingham County, Virginia",511650107001,1289,759,759,746,13,0,530,51,165,10700,1
"Block Group 2, Census Tract 107, Rockingham County, Virginia",511650107002,1673,1104,1104,1092,12,0,569,51,165,10700,2
"Block Group 2, Census Tract 108.01, Rockingham County, Virginia",511650108012,1289,957,957,941,16,0,332,51,165,10801,2
"Block Group 1, Census Tract 108.02, Rockingham County, Virginia",511650108021,1078,770,770,727,43,0,308,51,165,10802,1
"Block Group 1, Census Tract 109, Rockingham County, Virginia",511650109001,827,513,513,513,0,0,314,51,165,10900,1
"Block Group 2, Census Tract 109, Rockingham County, Virginia",511650109002,1291,803,803,660,143,0,488,51,165,10900,2
"Block Group 2, Census Tract 110, Rockingham County, Virginia",511650110002,596,357,357,348,9,0,239,51,165,11000,2
"Block Group 3, Census Tract 110, Rockingham County, Virginia",511650110003,1152,771,771,760,11,0,381,51,165,11000,3
"Block Group 2, Census Tract 111, Rockingham County, Virginia",511650111002,896,632,632,616,16,0,264,51,165,11100,2
"Block Group 3, Census Tract 111, Rockingham County, Virginia",511650111003,599,418,418,412,6,0,181,51,165,11100,3
"Block Group 2, Census Tract 112, Rockingham County, Virginia",511650112002,1721,1142,1142,1142,0,0,579,51,165,11200,2
"Block Group 3, Census Tract 112, Rockingham County, Virginia",511650112003,1383,965,965,965,0,0,418,51,165,11200,3
"Block Group 2, Census Tract 114, Rockingham County, Virginia",511650114002,986,700,700,700,0,0,286,51,165,11400,2
"Block Group 3, Census Tract 114, Rockingham County, Virginia",511650114003,576,385,385,364,21,0,191,51,165,11400,3
"Block Group 5, Census Tract 114, Rockingham County, Virginia",511650114005,727,449,449,449,0,0,278,51,165,11400,5
"Block Group 1, Census Tract 115, Rockingham County, Virginia",511650115001,1731,1172,1172,1048,124,0,559,51,165,11500,1
"Block Group 3, Census Tract 115, Rockingham County, Virginia",511650115003,972,750,750,750,0,0,222,51,165,11500,3
"Block Group 4, Census Tract 115, Rockingham County, Virginia",511650115004,1177,480,480,480,0,0,697,51,165,11500,4
"Block Group 2, Census Tract 116, Rockingham County, Virginia",511650116002,970,647,647,643,4,0,323,51,165,11600,2
"Block Group 1, Census Tract 117, Rockingham County, Virginia",511650117001,731,537,537,497,40,0,194,51,165,11700,1
"Block Group 2, Census Tract 117, Rockingham County, Virginia",511650117002,1091,747,747,747,0,0,344,51,165,11700,2
"Block Group 3, Census Tract 117, Rockingham County, Virginia",511650117003,1638,917,917,917,0,0,721,51,165,11700,3
"Block Group 1, Census Tract 118.01, Rockingham County, Virginia",511650118011,826,525,525,505,20,0,301,51,165,11801,1
"Block Group 2, Census Tract 118.01, Rockingham County, Virginia",511650118012,1189,932,932,904,28,0,257,51,165,11801,2
"Block Group 1, Census Tract 118.02, Rockingham County, Virginia",511650118021,1476,655,655,655,0,0,821,51,165,11802,1
"Block Group 2, Census Tract 118.02, Rockingham County, Virginia",511650118022,1275,868,868,819,49,0,407,51,165,11802,2
"Block Group 3, Census Tract 118.02, Rockingham County, Virginia",511650118023,1923,1290,1290,1290,0,0,633,51,165,11802,3
"Block Group 1, Census Tract 119, Rockingham County, Virginia",511650119001,1431,958,958,945,13,0,473,51,165,11900,1
"Block Group 2, Census Tract 119, Rockingham County, Virginia",511650119002,253,200,200,200,0,0,53,51,165,11900,2
"Block Group 3, Census Tract 119, Rockingham County, Virginia",511650119003,809,448,438,425,13,10,361,51,165,11900,3
"Block Group 1, Census Tract 120, Rockingham County, Virginia",511650120001,1114,611,611,593,18,0,503,51,165,12000,1
"Block Group 3, Census Tract 120, Rockingham County, Virginia",511650120003,879,652,652,652,0,0,227,51,165,12000,3
"Block Group 4, Census Tract 120, Rockingham County, Virginia",511650120004,1383,963,963,924,39,0,420,51,165,12000,4
"Block Group 2, Census Tract 301, Russell County, Virginia",511670301002,998,591,591,591,0,0,407,51,167,30100,2
"Block Group 3, Census Tract 216.02, Chesapeake city, Virginia",515500216023,1636,1213,1165,954,211,48,423,51,550,21602,3
"Block Group 5, Census Tract 216.02, Chesapeake city, Virginia",515500216025,1053,862,843,806,37,19,191,51,550,21602,5
"Block Group 1, Census Tract 216.03, Chesapeake city, Virginia",515500216031,1456,931,869,818,51,62,525,51,550,21603,1
"Block Group 1, Census Tract 216.05, Chesapeake city, Virginia",515500216051,1801,1130,1036,974,62,94,671,51,550,21605,1
"Block Group 2, Census Tract 216.05, Chesapeake city, Virginia",515500216052,1192,732,679,664,15,53,460,51,550,21605,2
"Block Group 1, Census Tract 8301, Colonial Heights city, Virginia",515708301001,2364,1536,1488,1438,50,48,828,51,570,830100,1
"Block Group 2, Census Tract 8301, Colonial Heights city, Virginia",515708301002,1121,659,659,642,17,0,462,51,570,830100,2
"Block Group 3, Census Tract 8301, Colonial Heights city, Virginia",515708301003,472,287,287,275,12,0,185,51,570,830100,3
"Block Group 1, Census Tract 8302, Colonial Heights city, Virginia",515708302001,759,482,463,331,132,19,277,51,570,830200,1
"Block Group 2, Census Tract 8302, Colonial Heights city, Virginia",515708302002,1106,616,616,561,55,0,490,51,570,830200,2
"Block Group 3, Census Tract 8302, Colonial Heights city, Virginia",515708302003,1050,339,339,318,21,0,711,51,570,830200,3
"Block Group 1, Census Tract 8303, Colonial Heights city, Virginia",515708303001,1007,673,673,673,0,0,334,51,570,830300,1
"Block Group 2, Census Tract 8303, Colonial Heights city, Virginia",515708303002,734,435,435,418,17,0,299,51,570,830300,2
"Block Group 1, Census Tract 8304, Colonial Heights city, Virginia",515708304001,1254,911,911,870,41,0,343,51,570,830400,1
"Block Group 2, Census Tract 8304, Colonial Heights city, Virginia",515708304002,504,355,355,298,57,0,149,51,570,830400,2
"Block Group 1, Census Tract 8305, Colonial Heights city, Virginia",515708305001,1882,1380,1350,1299,51,30,502,51,570,830500,1
"Block Group 2, Census Tract 8305, Colonial Heights city, Virginia",515708305002,1494,1055,1055,985,70,0,439,51,570,830500,2
"Block Group 1, Census Tract 601, Covington city, Virginia",515800601001,601,288,288,278,10,0,313,51,580,60100,1
"Block Group 2, Census Tract 601, Covington city, Virginia",515800601002,824,402,402,351,51,0,422,51,580,60100,2
"Block Group 3, Census Tract 601, Covington city, Virginia",515800601003,662,451,451,451,0,0,211,51,580,60100,3
"Block Group 3, Census Tract 602, Covington city, Virginia",515800602003,624,386,386,386,0,0,238,51,580,60200,3
"Block Group 1, Census Tract 1, Danville city, Virginia",515900001001,1789,1173,1173,1104,69,0,616,51,590,100,1
"Block Group 3, Census Tract 1, Danville city, Virginia",515900001003,474,295,295,295,0,0,179,51,590,100,3
"Block Group 4, Census Tract 1, Danville city, Virginia",515900001004,643,391,391,378,13,0,252,51,590,100,4
"Block Group 2, Census Tract 2, Danville city, Virginia",515900002002,1052,693,693,625,68,0,359,51,590,200,2
"Block Group 1, Census Tract 3, Danville city, Virginia",515900003001,930,647,647,611,36,0,283,51,590,300,1
"Block Group 2, Census Tract 3, Danville city, Virginia",515900003002,771,430,430,367,63,0,341,51,590,300,2
"Block Group 1, Census Tract 4, Danville city, Virginia",515900004001,909,453,453,367,86,0,456,51,590,400,1
"Block Group 2, Census Tract 4, Danville city, Virginia",515900004002,798,293,293,264,29,0,505,51,590,400,2
"Block Group 1, Census Tract 5, Danville city, Virginia",515900005001,284,171,171,171,0,0,113,51,590,500,1
"Block Group 2, Census Tract 5, Danville city, Virginia",515900005002,1331,638,632,579,53,6,693,51,590,500,2
"Block Group 2, Census Tract 6, Danville city, Virginia",515900006002,362,204,204,188,16,0,158,51,590,600,2
"Block Group 3, Census Tract 6, Danville city, Virginia",515900006003,835,332,332,294,38,0,503,51,590,600,3
"Block Group 2, Census Tract 7, Danville city, Virginia",515900007002,576,253,253,253,0,0,323,51,590,700,2
"Block Group 3, Census Tract 7, Danville city, Virginia",515900007003,980,612,612,612,0,0,368,51,590,700,3
"Block Group 2, Census Tract 8, Danville city, Virginia",515900008002,878,436,436,415,21,0,442,51,590,800,2
"Block Group 1, Census Tract 9, Danville city, Virginia",515900009001,1304,792,792,741,51,0,512,51,590,900,1
"Block Group 2, Census Tract 9, Danville city, Virginia",515900009002,848,584,584,561,23,0,264,51,590,900,2
"Block Group 1, Census Tract 10, Danville city, Virginia",515900010001,1356,696,696,599,97,0,660,51,590,1000,1
"Block Group 2, Census Tract 10, Danville city, Virginia",515900010002,475,286,286,178,108,0,189,51,590,1000,2
"Block Group 1, Census Tract 11, Danville city, Virginia",515900011001,906,453,447,367,80,6,453,51,590,1100,1
"Block Group 2, Census Tract 204, Richmond city, Virginia",517600204002,324,111,111,87,24,0,213,51,760,20400,2
"Block Group 3, Census Tract 204, Richmond city, Virginia",517600204003,367,109,102,96,6,7,258,51,760,20400,3
"Block Group 4, Census Tract 204, Richmond city, Virginia",517600204004,215,123,123,115,8,0,92,51,760,20400,4
"Block Group 5, Census Tract 204, Richmond city, Virginia",517600204005,1410,279,279,269,10,0,1131,51,760,20400,5
"Block Group 1, Census Tract 205.01, Richmond city, Virginia",517600205011,1449,1349,1336,1314,22,13,100,51,760,20501,1
"Block Group 1, Census Tract 205.02, Richmond city, Virginia",517600205021,1011,650,650,650,0,0,361,51,760,20502,1
"Block Group 2, Census Tract 205.02, Richmond city, Virginia",517600205022,1176,860,860,860,0,0,316,51,760,20502,2
"Block Group 1, Census Tract 206, Richmond city, Virginia",517600206001,1151,980,980,959,21,0,171,51,760,20600,1
"Block Group 2, Census Tract 206, Richmond city, Virginia",517600206002,920,682,682,675,7,0,238,51,760,20600,2
"Block Group 2, Census Tract 207, Richmond city, Virginia",517600207002,602,389,389,368,21,0,213,51,760,20700,2
"Block Group 1, Census Tract 208, Richmond city, Virginia",517600208001,1213,946,946,874,72,0,267,51,760,20800,1
"Block Group 1, Census Tract 209, Richmond city, Virginia",517600209001,686,412,412,412,0,0,274,51,760,20900,1
"Block Group 2, Census Tract 209, Richmond city, Virginia",517600209002,458,208,208,198,10,0,250,51,760,20900,2
"Block Group 4, Census Tract 209, Richmond city, Virginia",517600209004,484,165,165,165,0,0,319,51,760,20900,4
"Block Group 2, Census Tract 210, Richmond city, Virginia",517600210002,611,365,365,351,14,0,246,51,760,21000,2
"Block Group 1, Census Tract 211, Richmond city, Virginia",517600211001,1413,1077,1077,1060,17,0,336,51,760,21100,1
"Block Group 1, Census Tract 301, Richmond city, Virginia",517600301001,459,57,57,50,7,0,402,51,760,30100,1
"Block Group 2, Census Tract 301, Richmond city, Virginia",517600301002,948,579,579,482,97,0,369,51,760,30100,2
"Block Group 2, Census Tract 302, Richmond city, Virginia",517600302002,496,246,246,184,62,0,250,51,760,30200,2
"Block Group 1, Census Tract 305.01, Richmond city, Virginia",517600305011,764,603,603,573,30,0,161,51,760,30501,1
"Block Group 2, Census Tract 305.01, Richmond city, Virginia",517600305012,777,506,506,463,43,0,271,51,760,30501,2
"Block Group 1, Census Tract 305.02, Richmond city, Virginia",517600305021,906,715,715,703,12,0,191,51,760,30502,1
"Block Group 2, Census Tract 305.02, Richmond city, Virginia",517600305022,992,834,792,792,0,42,158,51,760,30502,2
"Block Group 2, Census Tract 402.01, Richmond city, Virginia",517600402012,1150,702,702,570,132,0,448,51,760,40201,2
"Block Group 1, Census Tract 402.02, Richmond city, Virginia",517600402021,1212,1021,996,996,0,25,191,51,760,40202,1
"Block Group 1, Census Tract 403, Richmond city, Virginia",517600403001,304,177,177,170,7,0,127,51,760,40300,1
"Block Group 2, Census Tract 403, Richmond city, Virginia",517600403002,2727,1197,1197,830,367,0,1530,51,760,40300,2
"Block Group 2, Census Tract 404, Richmond city, Virginia",517600404002,1425,772,772,667,105,0,653,51,760,40400,2
"Block Group 1, Census Tract 405, Richmond city, Virginia",517600405001,1025,748,748,737,11,0,277,51,760,40500,1
"Block Group 2, Census Tract 405, Richmond city, Virginia",517600405002,980,556,556,556,0,0,424,51,760,40500,2
"Block Group 4, Census Tract 405, Richmond city, Virginia",517600405004,627,391,391,365,26,0,236,51,760,40500,4
"Block Group 1, Census Tract 406, Richmond city, Virginia",517600406001,1130,805,805,805,0,0,325,51,760,40600,1
"Block Group 1, Census Tract 407, Richmond city, Virginia",517600407001,1243,1063,995,975,20,68,180,51,760,40700,1
"Block Group 2, Census Tract 407, Richmond city, Virginia",517600407002,1155,938,924,913,11,14,217,51,760,40700,2
"Block Group 1, Census Tract 408, Richmond city, Virginia",517600408001,1326,1048,1047,1013,34,1,278,51,760,40800,1
"Block Group 1, Census Tract 409, Richmond city, Virginia",517600409001,1033,956,946,943,3,10,77,51,760,40900,1
"Block Group 2, Census Tract 409, Richmond city, Virginia",517600409002,1188,1038,1038,1015,23,0,150,51,760,40900,2
"Block Group 1, Census Tract 410, Richmond city, Virginia",517600410001,1000,826,826,821,5,0,174,51,760,41000,1
"Block Group 2, Census Tract 410, Richmond city, Virginia",517600410002,1154,1022,1022,993,29,0,132,51,760,41000,2
"Block Group 1, Census Tract 411, Richmond city, Virginia",517600411001,526,374,374,365,9,0,152,51,760,41100,1
"Block Group 1, Census Tract 204, Richmond city, Virginia",517600204001,927,550,550,518,32,0,377,51,760,20400,1
"Block Group 2, Census Tract 411, Richmond city, Virginia",517600411002,1384,1209,1194,1109,85,15,175,51,760,41100,2
"Block Group 1, Census Tract 1009.21, Chesterfield County, Virginia",510411009211,1432,967,967,955,12,0,465,51,41,100921,1
"Block Group 2, Census Tract 1009.21, Chesterfield County, Virginia",510411009212,1200,855,855,855,0,0,345,51,41,100921,2
"Block Group 3, Census Tract 1009.21, Chesterfield County, Virginia",510411009213,676,370,370,353,17,0,306,51,41,100921,3
"Block Group 4, Census Tract 1009.21, Chesterfield County, Virginia",510411009214,1608,1254,1254,1210,44,0,354,51,41,100921,4
"Block Group 2, Census Tract 1009.22, Chesterfield County, Virginia",510411009222,1989,1458,1451,1431,20,7,531,51,41,100922,2
"Block Group 3, Census Tract 1009.22, Chesterfield County, Virginia",510411009223,753,391,391,381,10,0,362,51,41,100922,3
"Block Group 2, Census Tract 1009.23, Chesterfield County, Virginia",510411009232,1004,559,559,490,69,0,445,51,41,100923,2
"Block Group 1, Census Tract 1009.24, Chesterfield County, Virginia",510411009241,1939,1331,1331,1285,46,0,608,51,41,100924,1
"Block Group 1, Census Tract 1009.26, Chesterfield County, Virginia",510411009261,1213,679,679,656,23,0,534,51,41,100926,1
"Block Group 2, Census Tract 1009.26, Chesterfield County, Virginia",510411009262,1496,1010,1010,962,48,0,486,51,41,100926,2
"Block Group 4, Census Tract 1009.26, Chesterfield County, Virginia",510411009264,1147,495,495,495,0,0,652,51,41,100926,4
"Block Group 1, Census Tract 1009.28, Chesterfield County, Virginia",510411009281,2017,1645,1645,1625,20,0,372,51,41,100928,1
"Block Group 3, Census Tract 1009.28, Chesterfield County, Virginia",510411009283,2039,1120,1090,1024,66,30,919,51,41,100928,3
"Block Group 3, Census Tract 1009.29, Chesterfield County, Virginia",510411009293,1263,716,716,699,17,0,547,51,41,100929,3
"Block Group 4, Census Tract 1009.29, Chesterfield County, Virginia",510411009294,871,663,663,652,11,0,208,51,41,100929,4
"Block Group 2, Census Tract 1009.30, Chesterfield County, Virginia",510411009302,1992,1749,1749,1714,35,0,243,51,41,100930,2
"Block Group 1, Census Tract 1009.31, Chesterfield County, Virginia",510411009311,583,254,245,228,17,9,329,51,41,100931,1
"Block Group 2, Census Tract 1009.31, Chesterfield County, Virginia",510411009312,1369,917,917,885,32,0,452,51,41,100931,2
"Block Group 1, Census Tract 1009.32, Chesterfield County, Virginia",510411009321,1273,958,958,953,5,0,315,51,41,100932,1
"Block Group 2, Census Tract 1009.32, Chesterfield County, Virginia",510411009322,1414,942,936,892,44,6,472,51,41,100932,2
"Block Group 2, Census Tract 1009.33, Chesterfield County, Virginia",510411009332,1388,1030,1030,953,77,0,358,51,41,100933,2
"Block Group 1, Census Tract 1009.34, Chesterfield County, Virginia",510411009341,1593,1111,1111,1086,25,0,482,51,41,100934,1
"Block Group 3, Census Tract 1009.34, Chesterfield County, Virginia",510411009343,721,523,523,426,97,0,198,51,41,100934,3
"Block Group 4, Census Tract 1009.34, Chesterfield County, Virginia",510411009344,947,731,731,727,4,0,216,51,41,100934,4
"Block Group 2, Census Tract 1009.35, Chesterfield County, Virginia",510411009352,1852,1253,1253,1235,18,0,599,51,41,100935,2
"Block Group 1, Census Tract 1009.36, Chesterfield County, Virginia",510411009361,1098,700,700,681,19,0,398,51,41,100936,1
"Block Group 1, Census Tract 1009.37, Chesterfield County, Virginia",510411009371,2118,1598,1598,1507,91,0,520,51,41,100937,1
"Block Group 2, Census Tract 1009.37, Chesterfield County, Virginia",510411009372,1211,690,690,675,15,0,521,51,41,100937,2
"Block Group 2, Census Tract 1009.38, Chesterfield County, Virginia",510411009382,3156,2377,2357,2289,68,20,779,51,41,100938,2
"Block Group 1, Census Tract 1010.03, Chesterfield County, Virginia",510411010031,1793,1230,1230,1156,74,0,563,51,41,101003,1
"Block Group 3, Census Tract 1010.03, Chesterfield County, Virginia",510411010033,2014,1440,1440,1356,84,0,574,51,41,101003,3
"Block Group 4, Census Tract 1010.03, Chesterfield County, Virginia",510411010034,1109,873,873,873,0,0,236,51,41,101003,4
"Block Group 1, Census Tract 1010.04, Chesterfield County, Virginia",510411010041,843,487,487,479,8,0,356,51,41,101004,1
"Block Group 2, Census Tract 1010.04, Chesterfield County, Virginia",510411010042,1010,780,780,780,0,0,230,51,41,101004,2
"Block Group 3, Census Tract 1010.04, Chesterfield County, Virginia",510411010043,1839,1157,1145,1127,18,12,682,51,41,101004,3
"Block Group 1, Census Tract 1010.07, Chesterfield County, Virginia",510411010071,1058,628,628,607,21,0,430,51,41,101007,1
"Block Group 2, Census Tract 1010.07, Chesterfield County, Virginia",510411010072,1296,1025,1025,957,68,0,271,51,41,101007,2
"Block Group 1, Census Tract 1010.08, Chesterfield County, Virginia",510411010081,1835,1201,1184,1175,9,17,634,51,41,101008,1
"Block Group 2, Census Tract 1010.08, Chesterfield County, Virginia",510411010082,2481,1894,1876,1827,49,18,587,51,41,101008,2
"Block Group 4, Census Tract 201.01, Fluvanna County, Virginia",510650201014,1746,1109,1109,1094,15,0,637,51,65,20101,4
"Block Group 1, Census Tract 201.03, Fluvanna County, Virginia",510650201031,2272,1064,1064,1058,6,0,1208,51,65,20103,1
"Block Group 1, Census Tract 201.04, Fluvanna County, Virginia",510650201041,1711,1138,1067,1017,50,71,573,51,65,20104,1
"Block Group 2, Census Tract 201.04, Fluvanna County, Virginia",510650201042,1306,800,800,793,7,0,506,51,65,20104,2
"Block Group 1, Census Tract 202, Fluvanna County, Virginia",510650202001,1282,879,879,871,8,0,403,51,65,20200,1
"Block Group 2, Census Tract 202, Fluvanna County, Virginia",510650202002,769,433,433,426,7,0,336,51,65,20200,2
"Block Group 4, Census Tract 202, Fluvanna County, Virginia",510650202004,525,266,266,249,17,0,259,51,65,20200,4
"Block Group 1, Census Tract 203, Fluvanna County, Virginia",510650203001,1710,1238,1238,1176,62,0,472,51,65,20300,1
"Block Group 1, Census Tract 201.02, Franklin County, Virginia",510670201021,1512,1114,1114,1073,41,0,398,51,67,20102,1
"Block Group 3, Census Tract 201.02, Franklin County, Virginia",510670201023,569,287,287,279,8,0,282,51,67,20102,3
"Block Group 1, Census Tract 201.03, Franklin County, Virginia",510670201031,1174,437,437,400,37,0,737,51,67,20103,1
"Block Group 1, Census Tract 201.04, Franklin County, Virginia",510670201041,619,238,238,238,0,0,381,51,67,20104,1
"Block Group 2, Census Tract 201.04, Franklin County, Virginia",510670201042,601,262,262,262,0,0,339,51,67,20104,2
"Block Group 1, Census Tract 202, Franklin County, Virginia",510670202001,1586,1158,1158,1114,44,0,428,51,67,20200,1
"Block Group 3, Census Tract 202, Franklin County, Virginia",510670202003,1630,1077,1077,979,98,0,553,51,67,20200,3
"Block Group 1, Census Tract 203.01, Franklin County, Virginia",510670203011,1207,714,714,647,67,0,493,51,67,20301,1
"Block Group 2, Census Tract 203.01, Franklin County, Virginia",510670203012,861,319,319,319,0,0,542,51,67,20301,2
"Block Group 1, Census Tract 203.02, Franklin County, Virginia",510670203021,1917,1080,1080,1041,39,0,837,51,67,20302,1
"Block Group 2, Census Tract 203.02, Franklin County, Virginia",510670203022,1215,570,570,546,24,0,645,51,67,20302,2
"Block Group 1, Census Tract 204, Franklin County, Virginia",510670204001,2043,942,942,942,0,0,1101,51,67,20400,1
"Block Group 2, Census Tract 204, Franklin County, Virginia",510670204002,994,637,637,637,0,0,357,51,67,20400,2
"Block Group 3, Census Tract 204, Franklin County, Virginia",510670204003,1064,609,588,551,37,21,455,51,67,20400,3
"Block Group 4, Census Tract 204, Franklin County, Virginia",510670204004,1095,621,621,621,0,0,474,51,67,20400,4
"Block Group 1, Census Tract 205.01, Franklin County, Virginia",510670205011,1345,850,850,826,24,0,495,51,67,20501,1
"Block Group 2, Census Tract 205.01, Franklin County, Virginia",510670205012,1686,948,948,948,0,0,738,51,67,20501,2
"Block Group 1, Census Tract 205.02, Franklin County, Virginia",510670205021,1365,792,792,772,20,0,573,51,67,20502,1
"Block Group 2, Census Tract 205.02, Franklin County, Virginia",510670205022,851,666,666,651,15,0,185,51,67,20502,2
"Block Group 3, Census Tract 205.02, Franklin County, Virginia",510670205023,713,534,534,534,0,0,179,51,67,20502,3
"Block Group 1, Census Tract 206, Franklin County, Virginia",510670206001,1653,976,976,841,135,0,677,51,67,20600,1
"Block Group 3, Census Tract 206, Franklin County, Virginia",510670206003,418,146,146,146,0,0,272,51,67,20600,3
"Block Group 4, Census Tract 206, Franklin County, Virginia",510670206004,632,325,325,325,0,0,307,51,67,20600,4
"Block Group 2, Census Tract 207.01, Franklin County, Virginia",510670207012,747,315,315,293,22,0,432,51,67,20701,2
"Block Group 1, Census Tract 207.02, Franklin County, Virginia",510670207021,1312,728,728,630,98,0,584,51,67,20702,1
"Block Group 1, Census Tract 208.01, Franklin County, Virginia",510670208011,707,311,311,311,0,0,396,51,67,20801,1
"Block Group 3, Census Tract 208.01, Franklin County, Virginia",510670208013,834,434,434,370,64,0,400,51,67,20801,3
"Block Group 1, Census Tract 208.02, Franklin County, Virginia",510670208021,889,392,392,392,0,0,497,51,67,20802,1
"Block Group 1, Census Tract 209.01, Franklin County, Virginia",510670209011,1235,662,634,588,46,28,573,51,67,20901,1
"Block Group 2, Census Tract 209.01, Franklin County, Virginia",510670209012,1761,1098,1098,1098,0,0,663,51,67,20901,2
"Block Group 2, Census Tract 209.02, Franklin County, Virginia",510670209022,915,463,463,463,0,0,452,51,67,20902,2
"Block Group 3, Census Tract 209.02, Franklin County, Virginia",510670209023,1123,571,571,571,0,0,552,51,67,20902,3
"Block Group 2, Census Tract 501, Frederick County, Virginia",510690501002,1099,765,765,709,56,0,334,51,69,50100,2
"Block Group 2, Census Tract 6118.08, Loudoun County, Virginia",511076118082,2331,1721,1677,1494,183,44,610,51,107,611808,2
"Block Group 1, Census Tract 6118.09, Loudoun County, Virginia",511076118091,2244,2044,2040,2040,0,4,200,51,107,611809,1
"Block Group 2, Census Tract 6118.09, Loudoun County, Virginia",511076118092,2819,2363,2363,2350,13,0,456,51,107,611809,2
"Block Group 1, Census Tract 6118.10, Loudoun County, Virginia",511076118101,1801,1107,1080,1031,49,27,694,51,107,611810,1
"Block Group 2, Census Tract 6118.10, Loudoun County, Virginia",511076118102,1169,917,917,917,0,0,252,51,107,611810,2
"Block Group 1, Census Tract 6118.11, Loudoun County, Virginia",511076118111,1603,1266,1266,1242,24,0,337,51,107,611811,1
"Block Group 2, Census Tract 6118.11, Loudoun County, Virginia",511076118112,1509,1172,1148,1110,38,24,337,51,107,611811,2
"Block Group 3, Census Tract 6118.11, Loudoun County, Virginia",511076118113,1899,1487,1474,1430,44,13,412,51,107,611811,3
"Block Group 1, Census Tract 6118.12, Loudoun County, Virginia",511076118121,1073,789,789,775,14,0,284,51,107,611812,1
"Block Group 1, Census Tract 6118.13, Loudoun County, Virginia",511076118131,1623,1251,1230,1210,20,21,372,51,107,611813,1
"Block Group 2, Census Tract 6118.13, Loudoun County, Virginia",511076118132,2808,2190,2190,2092,98,0,618,51,107,611813,2
"Block Group 4, Census Tract 6118.13, Loudoun County, Virginia",511076118134,1596,1224,1224,1224,0,0,372,51,107,611813,4
"Block Group 1, Census Tract 6119.01, Loudoun County, Virginia",511076119011,1105,912,912,844,68,0,193,51,107,611901,1
"Block Group 3, Census Tract 6119.01, Loudoun County, Virginia",511076119013,1731,1277,1277,1216,61,0,454,51,107,611901,3
"Block Group 1, Census Tract 6119.02, Loudoun County, Virginia",511076119021,1304,1144,1144,1132,12,0,160,51,107,611902,1
"Block Group 1, Census Tract 9801, Loudoun County, Virginia",511079801001,0,0,0,0,0,0,0,51,107,980100,1
"Block Group 1, Census Tract 9501.01, Louisa County, Virginia",511099501011,1546,846,846,846,0,0,700,51,109,950101,1
"Block Group 1, Census Tract 9501.02, Louisa County, Virginia",511099501021,918,372,372,372,0,0,546,51,109,950102,1
"Block Group 3, Census Tract 9501.02, Louisa County, Virginia",511099501023,1278,694,694,595,99,0,584,51,109,950102,3
"Block Group 4, Census Tract 9501.02, Louisa County, Virginia",511099501024,639,317,317,283,34,0,322,51,109,950102,4
"Block Group 2, Census Tract 9502.01, Louisa County, Virginia",511099502012,1672,1002,1002,838,164,0,670,51,109,950201,2
"Block Group 3, Census Tract 9502.01, Louisa County, Virginia",511099502013,1461,807,807,743,64,0,654,51,109,950201,3
"Block Group 2, Census Tract 9502.02, Louisa County, Virginia",511099502022,905,566,549,520,29,17,339,51,109,950202,2
"Block Group 3, Census Tract 9502.02, Louisa County, Virginia",511099502023,1925,1231,1231,1042,189,0,694,51,109,950202,3
"Block Group 2, Census Tract 9503.01, Louisa County, Virginia",511099503012,1703,1174,1174,1159,15,0,529,51,109,950301,2
"Block Group 1, Census Tract 9503.02, Louisa County, Virginia",511099503021,506,281,281,258,23,0,225,51,109,950302,1
"Block Group 1, Census Tract 9503.03, Louisa County, Virginia",511099503031,1019,692,692,669,23,0,327,51,109,950303,1
"Block Group 2, Census Tract 9503.03, Louisa County, Virginia",511099503032,1650,1038,1038,964,74,0,612,51,109,950303,2
"Block Group 2, Census Tract 9504, Louisa County, Virginia",511099504002,1335,788,788,754,34,0,547,51,109,950400,2
"Block Group 1, Census Tract 9505, Louisa County, Virginia",511099505001,1573,1130,1130,1089,41,0,443,51,109,950500,1
"Block Group 3, Census Tract 9505, Louisa County, Virginia",511099505003,2125,1316,1316,1284,32,0,809,51,109,950500,3
"Block Group 4, Census Tract 9505, Louisa County, Virginia",511099505004,464,248,248,248,0,0,216,51,109,950500,4
"Block Group 3, Census Tract 9301, Lunenburg County, Virginia",511119301003,713,339,339,321,18,0,374,51,111,930100,3
"Block Group 1, Census Tract 9302, Lunenburg County, Virginia",511119302001,1155,490,490,481,9,0,665,51,111,930200,1
"Block Group 2, Census Tract 9302, Lunenburg County, Virginia",511119302002,1277,740,740,715,25,0,537,51,111,930200,2
"Block Group 4, Census Tract 9302, Lunenburg County, Virginia",511119302004,708,345,345,345,0,0,363,51,111,930200,4
"Block Group 1, Census Tract 9303, Lunenburg County, Virginia",511119303001,1239,832,832,826,6,0,407,51,111,930300,1
"Block Group 1, Census Tract 9301.01, Madison County, Virginia",511139301011,1538,791,791,791,0,0,747,51,113,930101,1
"Block Group 2, Census Tract 9301.01, Madison County, Virginia",511139301012,1137,726,726,726,0,0,411,51,113,930101,2
"Block Group 1, Census Tract 9301.02, Madison County, Virginia",511139301021,1884,1243,1243,1219,24,0,641,51,113,930102,1
"Block Group 2, Census Tract 9301.02, Madison County, Virginia",511139301022,1852,1124,1124,1012,112,0,728,51,113,930102,2
"Block Group 3, Census Tract 301, Russell County, Virginia",511670301003,512,206,206,119,87,0,306,51,167,30100,3
"Block Group 5, Census Tract 301, Russell County, Virginia",511670301005,525,114,114,108,6,0,411,51,167,30100,5
"Block Group 1, Census Tract 302.01, Russell County, Virginia",511670302011,290,93,93,83,10,0,197,51,167,30201,1
"Block Group 3, Census Tract 302.01, Russell County, Virginia",511670302013,612,283,283,252,31,0,329,51,167,30201,3
"Block Group 4, Census Tract 302.01, Russell County, Virginia",511670302014,772,253,253,253,0,0,519,51,167,30201,4
"Block Group 2, Census Tract 302.02, Russell County, Virginia",511670302022,1076,628,628,628,0,0,448,51,167,30202,2
"Block Group 1, Census Tract 303, Russell County, Virginia",511670303001,731,261,261,249,12,0,470,51,167,30300,1
"Block Group 3, Census Tract 303, Russell County, Virginia",511670303003,661,280,280,261,19,0,381,51,167,30300,3
"Block Group 4, Census Tract 303, Russell County, Virginia",511670303004,1037,452,452,395,57,0,585,51,167,30300,4
"Block Group 2, Census Tract 304.02, Russell County, Virginia",511670304022,1190,502,502,450,52,0,688,51,167,30402,2
"Block Group 1, Census Tract 304.03, Russell County, Virginia",511670304031,589,369,369,332,37,0,220,51,167,30403,1
"Block Group 3, Census Tract 304.03, Russell County, Virginia",511670304033,1036,361,361,361,0,0,675,51,167,30403,3
"Block Group 4, Census Tract 304.03, Russell County, Virginia",511670304034,819,448,448,448,0,0,371,51,167,30403,4
"Block Group 2, Census Tract 304.04, Russell County, Virginia",511670304042,703,463,463,442,21,0,240,51,167,30404,2
"Block Group 1, Census Tract 305, Russell County, Virginia",511670305001,1125,406,406,396,10,0,719,51,167,30500,1
"Block Group 1, Census Tract 306, Russell County, Virginia",511670306001,529,271,271,224,47,0,258,51,167,30600,1
"Block Group 3, Census Tract 306, Russell County, Virginia",511670306003,710,318,318,302,16,0,392,51,167,30600,3
"Block Group 4, Census Tract 306, Russell County, Virginia",511670306004,447,185,185,185,0,0,262,51,167,30600,4
"Block Group 2, Census Tract 301, Scott County, Virginia",511690301002,1451,996,996,991,5,0,455,51,169,30100,2
"Block Group 3, Census Tract 301, Scott County, Virginia",511690301003,624,367,340,319,21,27,257,51,169,30100,3
"Block Group 2, Census Tract 302, Scott County, Virginia",511690302002,1021,390,390,366,24,0,631,51,169,30200,2
"Block Group 3, Census Tract 302, Scott County, Virginia",511690302003,947,590,590,590,0,0,357,51,169,30200,3
"Block Group 1, Census Tract 303, Scott County, Virginia",511690303001,876,370,370,361,9,0,506,51,169,30300,1
"Block Group 2, Census Tract 303, Scott County, Virginia",511690303002,881,366,366,327,39,0,515,51,169,30300,2
"Block Group 1, Census Tract 304, Scott County, Virginia",511690304001,816,435,435,430,5,0,381,51,169,30400,1
"Block Group 2, Census Tract 304, Scott County, Virginia",511690304002,1511,753,753,748,5,0,758,51,169,30400,2
"Block Group 3, Census Tract 304, Scott County, Virginia",511690304003,944,431,431,423,8,0,513,51,169,30400,3
"Block Group 1, Census Tract 305, Scott County, Virginia",511690305001,880,332,328,328,0,4,548,51,169,30500,1
"Block Group 2, Census Tract 305, Scott County, Virginia",511690305002,1040,515,515,454,61,0,525,51,169,30500,2
"Block Group 1, Census Tract 306, Scott County, Virginia",511690306001,584,328,328,328,0,0,256,51,169,30600,1
"Block Group 2, Census Tract 306, Scott County, Virginia",511690306002,1228,739,716,670,46,23,489,51,169,30600,2
"Block Group 3, Census Tract 306, Scott County, Virginia",511690306003,603,159,159,143,16,0,444,51,169,30600,3
"Block Group 4, Census Tract 306, Scott County, Virginia",511690306004,869,512,512,485,27,0,357,51,169,30600,4
"Block Group 1, Census Tract 401.01, Shenandoah County, Virginia",511710401011,1854,896,896,896,0,0,958,51,171,40101,1
"Block Group 2, Census Tract 401.01, Shenandoah County, Virginia",511710401012,707,391,391,329,62,0,316,51,171,40101,2
"Block Group 1, Census Tract 401.02, Shenandoah County, Virginia",511710401021,1143,871,869,869,0,2,272,51,171,40102,1
"Block Group 2, Census Tract 401.02, Shenandoah County, Virginia",511710401022,2648,1677,1637,1538,99,40,971,51,171,40102,2
"Block Group 3, Census Tract 401.02, Shenandoah County, Virginia",511710401023,435,325,325,325,0,0,110,51,171,40102,3
"Block Group 1, Census Tract 402.01, Shenandoah County, Virginia",511710402011,517,357,357,348,9,0,160,51,171,40201,1
"Block Group 2, Census Tract 402.01, Shenandoah County, Virginia",511710402012,599,215,215,215,0,0,384,51,171,40201,2
"Block Group 1, Census Tract 402.02, Shenandoah County, Virginia",511710402021,1380,943,943,866,77,0,437,51,171,40202,1
"Block Group 1, Census Tract 12, Danville city, Virginia",515900012001,939,572,572,537,35,0,367,51,590,1200,1
"Block Group 1, Census Tract 13.01, Danville city, Virginia",515900013011,1077,665,665,650,15,0,412,51,590,1301,1
"Block Group 1, Census Tract 13.02, Danville city, Virginia",515900013021,782,383,383,333,50,0,399,51,590,1302,1
"Block Group 2, Census Tract 14, Danville city, Virginia",515900014002,1530,824,824,790,34,0,706,51,590,1400,2
"Block Group 1, Census Tract 9801, Danville city, Virginia",515909801001,0,0,0,0,0,0,0,51,590,980100,1
"Block Group 2, Census Tract 8901, Emporia city, Virginia",515958901002,291,236,236,236,0,0,55,51,595,890100,2
"Block Group 1, Census Tract 8902, Emporia city, Virginia",515958902001,672,362,362,270,92,0,310,51,595,890200,1
"Block Group 2, Census Tract 8902, Emporia city, Virginia",515958902002,153,94,94,94,0,0,59,51,595,890200,2
"Block Group 3, Census Tract 8902, Emporia city, Virginia",515958902003,631,369,369,369,0,0,262,51,595,890200,3
"Block Group 4, Census Tract 8902, Emporia city, Virginia",515958902004,634,199,199,189,10,0,435,51,595,890200,4
"Block Group 1, Census Tract 3001, Fairfax city, Virginia",516003001001,1345,1032,1032,1032,0,0,313,51,600,300100,1
"Block Group 2, Census Tract 3001, Fairfax city, Virginia",516003001002,795,621,601,578,23,20,174,51,600,300100,2
"Block Group 3, Census Tract 3001, Fairfax city, Virginia",516003001003,1440,1040,1023,994,29,17,400,51,600,300100,3
"Block Group 4, Census Tract 3001, Fairfax city, Virginia",516003001004,431,327,327,320,7,0,104,51,600,300100,4
"Block Group 2, Census Tract 3002, Fairfax city, Virginia",516003002002,1399,952,922,908,14,30,447,51,600,300200,2
"Block Group 3, Census Tract 3002, Fairfax city, Virginia",516003002003,859,615,599,577,22,16,244,51,600,300200,3
"Block Group 4, Census Tract 3002, Fairfax city, Virginia",516003002004,954,722,722,718,4,0,232,51,600,300200,4
"Block Group 1, Census Tract 3003, Fairfax city, Virginia",516003003001,1312,911,911,911,0,0,401,51,600,300300,1
"Block Group 2, Census Tract 3003, Fairfax city, Virginia",516003003002,884,696,696,665,31,0,188,51,600,300300,2
"Block Group 3, Census Tract 3003, Fairfax city, Virginia",516003003003,2110,1614,1614,1521,93,0,496,51,600,300300,3
"Block Group 1, Census Tract 3004, Fairfax city, Virginia",516003004001,1204,787,787,773,14,0,417,51,600,300400,1
"Block Group 2, Census Tract 3004, Fairfax city, Virginia",516003004002,679,527,527,519,8,0,152,51,600,300400,2
"Block Group 1, Census Tract 3005, Fairfax city, Virginia",516003005001,971,752,752,702,50,0,219,51,600,300500,1
"Block Group 2, Census Tract 3005, Fairfax city, Virginia",516003005002,1032,611,611,573,38,0,421,51,600,300500,2
"Block Group 1, Census Tract 5001, Falls Church city, Virginia",516105001001,1869,1238,1238,1185,53,0,631,51,610,500100,1
"Block Group 2, Census Tract 5001, Falls Church city, Virginia",516105001002,854,659,644,635,9,15,195,51,610,500100,2
"Block Group 2, Census Tract 5002, Falls Church city, Virginia",516105002002,400,373,373,373,0,0,27,51,610,500200,2
"Block Group 3, Census Tract 5002, Falls Church city, Virginia",516105002003,1143,771,771,705,66,0,372,51,610,500200,3
"Block Group 5, Census Tract 5002, Falls Church city, Virginia",516105002005,1094,863,863,863,0,0,231,51,610,500200,5
"Block Group 1, Census Tract 5003, Falls Church city, Virginia",516105003001,1340,927,927,884,43,0,413,51,610,500300,1
"Block Group 3, Census Tract 5003, Falls Church city, Virginia",516105003003,960,758,749,706,43,9,202,51,610,500300,3
"Block Group 1, Census Tract 901, Franklin city, Virginia",516200901001,1166,826,826,798,28,0,340,51,620,90100,1
"Block Group 3, Census Tract 901, Franklin city, Virginia",516200901003,1166,582,582,473,109,0,584,51,620,90100,3
"Block Group 2, Census Tract 902, Franklin city, Virginia",516200902002,971,779,779,690,89,0,192,51,620,90200,2
"Block Group 3, Census Tract 902, Franklin city, Virginia",516200902003,978,474,474,394,80,0,504,51,620,90200,3
"Block Group 2, Census Tract 1, Fredericksburg city, Virginia",516300001002,949,594,594,579,15,0,355,51,630,100,2
"Block Group 3, Census Tract 1, Fredericksburg city, Virginia",516300001003,605,506,506,478,28,0,99,51,630,100,3
"Block Group 2, Census Tract 2.01, Fredericksburg city, Virginia",516300002012,1419,1109,1109,1052,57,0,310,51,630,201,2
"Block Group 3, Census Tract 2.01, Fredericksburg city, Virginia",516300002013,775,533,509,509,0,24,242,51,630,201,3
"Block Group 2, Census Tract 2.02, Fredericksburg city, Virginia",516300002022,416,209,209,209,0,0,207,51,630,202,2
"Block Group 1, Census Tract 3.01, Fredericksburg city, Virginia",516300003011,2444,958,958,808,150,0,1486,51,630,301,1
"Block Group 3, Census Tract 411, Richmond city, Virginia",517600411003,587,501,501,501,0,0,86,51,760,41100,3
"Block Group 4, Census Tract 411, Richmond city, Virginia",517600411004,1096,950,950,819,131,0,146,51,760,41100,4
"Block Group 1, Census Tract 412, Richmond city, Virginia",517600412001,1266,972,970,953,17,2,294,51,760,41200,1
"Block Group 1, Census Tract 413, Richmond city, Virginia",517600413001,2104,1509,1465,1448,17,44,595,51,760,41300,1
"Block Group 2, Census Tract 413, Richmond city, Virginia",517600413002,751,547,547,499,48,0,204,51,760,41300,2
"Block Group 1, Census Tract 414, Richmond city, Virginia",517600414001,1270,954,954,739,215,0,316,51,760,41400,1
"Block Group 2, Census Tract 414, Richmond city, Virginia",517600414002,897,668,668,660,8,0,229,51,760,41400,2
"Block Group 1, Census Tract 501, Richmond city, Virginia",517600501001,1099,705,705,705,0,0,394,51,760,50100,1
"Block Group 2, Census Tract 501, Richmond city, Virginia",517600501002,798,714,714,714,0,0,84,51,760,50100,2
"Block Group 1, Census Tract 502, Richmond city, Virginia",517600502001,797,543,543,543,0,0,254,51,760,50200,1
"Block Group 2, Census Tract 502, Richmond city, Virginia",517600502002,987,809,809,809,0,0,178,51,760,50200,2
"Block Group 1, Census Tract 503, Richmond city, Virginia",517600503001,1285,950,950,903,47,0,335,51,760,50300,1
"Block Group 1, Census Tract 504, Richmond city, Virginia",517600504001,1127,808,808,802,6,0,319,51,760,50400,1
"Block Group 1, Census Tract 505, Richmond city, Virginia",517600505001,1272,915,915,906,9,0,357,51,760,50500,1
"Block Group 2, Census Tract 505, Richmond city, Virginia",517600505002,1169,725,694,674,20,31,444,51,760,50500,2
"Block Group 1, Census Tract 506, Richmond city, Virginia",517600506001,819,428,428,428,0,0,391,51,760,50600,1
"Block Group 2, Census Tract 506, Richmond city, Virginia",517600506002,1524,889,889,860,29,0,635,51,760,50600,2
"Block Group 2, Census Tract 602, Richmond city, Virginia",517600602002,697,421,421,352,69,0,276,51,760,60200,2
"Block Group 1, Census Tract 604, Richmond city, Virginia",517600604001,673,143,143,143,0,0,530,51,760,60400,1
"Block Group 2, Census Tract 604, Richmond city, Virginia",517600604002,599,331,331,331,0,0,268,51,760,60400,2
"Block Group 4, Census Tract 604, Richmond city, Virginia",517600604004,1721,789,665,634,31,124,932,51,760,60400,4
"Block Group 5, Census Tract 604, Richmond city, Virginia",517600604005,1306,1090,1090,1016,74,0,216,51,760,60400,5
"Block Group 2, Census Tract 605.01, Richmond city, Virginia",517600605012,528,478,478,455,23,0,50,51,760,60501,2
"Block Group 3, Census Tract 605.01, Richmond city, Virginia",517600605013,564,443,443,443,0,0,121,51,760,60501,3
"Block Group 3, Census Tract 605.02, Richmond city, Virginia",517600605023,1276,892,892,739,153,0,384,51,760,60502,3
"Block Group 2, Census Tract 606, Richmond city, Virginia",517600606002,699,483,483,465,18,0,216,51,760,60600,2
"Block Group 3, Census Tract 606, Richmond city, Virginia",517600606003,824,601,601,601,0,0,223,51,760,60600,3
"Block Group 2, Census Tract 607, Richmond city, Virginia",517600607002,705,272,272,248,24,0,433,51,760,60700,2
"Block Group 3, Census Tract 607, Richmond city, Virginia",517600607003,1202,662,662,642,20,0,540,51,760,60700,3
"Block Group 5, Census Tract 607, Richmond city, Virginia",517600607005,556,411,411,395,16,0,145,51,760,60700,5
"Block Group 1, Census Tract 608, Richmond city, Virginia",517600608001,1328,813,813,692,121,0,515,51,760,60800,1
"Block Group 3, Census Tract 608, Richmond city, Virginia",517600608003,720,515,515,410,105,0,205,51,760,60800,3
"Block Group 1, Census Tract 609, Richmond city, Virginia",517600609001,1025,601,601,564,37,0,424,51,760,60900,1
"Block Group 1, Census Tract 610.01, Richmond city, Virginia",517600610011,857,596,596,596,0,0,261,51,760,61001,1
"Block Group 3, Census Tract 610.01, Richmond city, Virginia",517600610013,107,69,69,43,26,0,38,51,760,61001,3
"Block Group 1, Census Tract 610.02, Richmond city, Virginia",517600610021,1383,1302,1302,1302,0,0,81,51,760,61002,1
"Block Group 2, Census Tract 610.02, Richmond city, Virginia",517600610022,292,251,251,251,0,0,41,51,760,61002,2
"Block Group 3, Census Tract 610.02, Richmond city, Virginia",517600610023,1488,1379,1379,1362,17,0,109,51,760,61002,3
"Block Group 1, Census Tract 701, Richmond city, Virginia",517600701001,733,457,457,415,42,0,276,51,760,70100,1
"Block Group 2, Census Tract 701, Richmond city, Virginia",517600701002,1700,905,905,876,29,0,795,51,760,70100,2
"Block Group 3, Census Tract 701, Richmond city, Virginia",517600701003,1391,816,816,774,42,0,575,51,760,70100,3
"Block Group 4, Census Tract 701, Richmond city, Virginia",517600701004,1103,778,778,778,0,0,325,51,760,70100,4
"Block Group 1, Census Tract 901.01, Accomack County, Virginia",510010901011,633,302,302,302,0,0,331,51,1,90101,1
"Block Group 1, Census Tract 901.02, Accomack County, Virginia",510010901021,625,218,218,191,27,0,407,51,1,90102,1
"Block Group 2, Census Tract 901.02, Accomack County, Virginia",510010901022,386,199,123,123,0,76,187,51,1,90102,2
"Block Group 2, Census Tract 902.01, Accomack County, Virginia",510010902012,1302,510,495,470,25,15,792,51,1,90201,2
"Block Group 1, Census Tract 902.02, Accomack County, Virginia",510010902021,710,625,625,625,0,0,85,51,1,90202,1
"Block Group 3, Census Tract 902.02, Accomack County, Virginia",510010902023,343,138,138,138,0,0,205,51,1,90202,3
"Block Group 1, Census Tract 903, Accomack County, Virginia",510010903001,513,254,254,241,13,0,259,51,1,90300,1
"Block Group 3, Census Tract 903, Accomack County, Virginia",510010903003,802,484,484,445,39,0,318,51,1,90300,3
"Block Group 1, Census Tract 904.01, Accomack County, Virginia",510010904011,1499,1058,1058,1047,11,0,441,51,1,90401,1
"Block Group 1, Census Tract 904.02, Accomack County, Virginia",510010904021,1227,612,612,567,45,0,615,51,1,90402,1
"Block Group 2, Census Tract 904.02, Accomack County, Virginia",510010904022,1443,746,746,723,23,0,697,51,1,90402,2
"Block Group 2, Census Tract 905, Accomack County, Virginia",510010905002,843,537,537,522,15,0,306,51,1,90500,2
"Block Group 3, Census Tract 905, Accomack County, Virginia",510010905003,509,313,307,260,47,6,196,51,1,90500,3
"Block Group 2, Census Tract 906, Accomack County, Virginia",510010906002,917,317,317,303,14,0,600,51,1,90600,2
"Block Group 1, Census Tract 1010.09, Chesterfield County, Virginia",510411010091,1269,1012,1012,995,17,0,257,51,41,101009,1
"Block Group 2, Census Tract 1010.09, Chesterfield County, Virginia",510411010092,2568,1732,1732,1628,104,0,836,51,41,101009,2
"Block Group 3, Census Tract 1010.09, Chesterfield County, Virginia",510411010093,1640,1231,1231,1058,173,0,409,51,41,101009,3
"Block Group 1, Census Tract 1010.11, Chesterfield County, Virginia",510411010111,657,511,511,500,11,0,146,51,41,101011,1
"Block Group 2, Census Tract 1010.11, Chesterfield County, Virginia",510411010112,1682,1193,1140,1111,29,53,489,51,41,101011,2
"Block Group 2, Census Tract 1010.12, Chesterfield County, Virginia",510411010122,924,784,784,784,0,0,140,51,41,101012,2
"Block Group 3, Census Tract 1010.12, Chesterfield County, Virginia",510411010123,1843,1247,1232,1232,0,15,596,51,41,101012,3
"Block Group 2, Census Tract 1010.13, Chesterfield County, Virginia",510411010132,1548,1004,1004,970,34,0,544,51,41,101013,2
"Block Group 1, Census Tract 1010.14, Chesterfield County, Virginia",510411010141,2024,1515,1515,1493,22,0,509,51,41,101014,1
"Block Group 2, Census Tract 1010.15, Chesterfield County, Virginia",510411010152,1398,974,974,943,31,0,424,51,41,101015,2
"Block Group 3, Census Tract 1010.15, Chesterfield County, Virginia",510411010153,1118,750,734,683,51,16,368,51,41,101015,3
"Block Group 2, Census Tract 101.01, Clarke County, Virginia",510430101012,950,549,535,535,0,14,401,51,43,10101,2
"Block Group 3, Census Tract 101.01, Clarke County, Virginia",510430101013,1060,678,678,659,19,0,382,51,43,10101,3
"Block Group 2, Census Tract 101.02, Clarke County, Virginia",510430101022,889,450,450,450,0,0,439,51,43,10102,2
"Block Group 3, Census Tract 101.02, Clarke County, Virginia",510430101023,1205,922,922,895,27,0,283,51,43,10102,3
"Block Group 2, Census Tract 102, Clarke County, Virginia",510430102002,694,289,289,289,0,0,405,51,43,10200,2
"Block Group 3, Census Tract 102, Clarke County, Virginia",510430102003,374,233,233,233,0,0,141,51,43,10200,3
"Block Group 2, Census Tract 103, Clarke County, Virginia",510430103002,1127,907,907,854,53,0,220,51,43,10300,2
"Block Group 2, Census Tract 501, Craig County, Virginia",510450501002,2020,1033,1033,1022,11,0,987,51,45,50100,2
"Block Group 3, Census Tract 501, Craig County, Virginia",510450501003,789,508,508,493,15,0,281,51,45,50100,3
"Block Group 1, Census Tract 9301.01, Culpeper County, Virginia",510479301011,2109,1341,1332,1244,88,9,768,51,47,930101,1
"Block Group 2, Census Tract 9301.01, Culpeper County, Virginia",510479301012,1509,1056,1056,981,75,0,453,51,47,930101,2
"Block Group 2, Census Tract 9301.03, Culpeper County, Virginia",510479301032,1484,1035,1035,1020,15,0,449,51,47,930103,2
"Block Group 3, Census Tract 9301.03, Culpeper County, Virginia",510479301033,500,193,193,193,0,0,307,51,47,930103,3
"Block Group 2, Census Tract 9301.04, Culpeper County, Virginia",510479301042,1535,1027,1027,978,49,0,508,51,47,930104,2
"Block Group 1, Census Tract 9302.02, Culpeper County, Virginia",510479302021,2149,1355,1355,1349,6,0,794,51,47,930202,1
"Block Group 3, Census Tract 9302.02, Culpeper County, Virginia",510479302023,1642,1018,1018,949,69,0,624,51,47,930202,3
"Block Group 1, Census Tract 9302.03, Culpeper County, Virginia",510479302031,686,536,536,504,32,0,150,51,47,930203,1
"Block Group 3, Census Tract 9302.03, Culpeper County, Virginia",510479302033,1602,1235,1235,1235,0,0,367,51,47,930203,3
"Block Group 1, Census Tract 9302.04, Culpeper County, Virginia",510479302041,1584,925,925,876,49,0,659,51,47,930204,1
"Block Group 2, Census Tract 9303, Culpeper County, Virginia",510479303002,780,523,523,450,73,0,257,51,47,930300,2
"Block Group 3, Census Tract 9303, Culpeper County, Virginia",510479303003,1981,1368,1368,1251,117,0,613,51,47,930300,3
"Block Group 1, Census Tract 9304, Culpeper County, Virginia",510479304001,1002,632,632,615,17,0,370,51,47,930400,1
"Block Group 2, Census Tract 9304, Culpeper County, Virginia",510479304002,1114,806,806,778,28,0,308,51,47,930400,2
"Block Group 3, Census Tract 9304, Culpeper County, Virginia",510479304003,2150,1144,1144,1033,111,0,1006,51,47,930400,3
"Block Group 1, Census Tract 9305.01, Culpeper County, Virginia",510479305011,1832,453,453,444,9,0,1379,51,47,930501,1
"Block Group 2, Census Tract 9305.01, Culpeper County, Virginia",510479305012,1917,1143,1143,1091,52,0,774,51,47,930501,2
"Block Group 3, Census Tract 9305.01, Culpeper County, Virginia",510479305013,1582,1045,1045,1017,28,0,537,51,47,930501,3
"Block Group 1, Census Tract 9305.02, Culpeper County, Virginia",510479305021,761,396,396,367,29,0,365,51,47,930502,1
"Block Group 2, Census Tract 9305.02, Culpeper County, Virginia",510479305022,774,642,642,642,0,0,132,51,47,930502,2
"Block Group 3, Census Tract 501, Frederick County, Virginia",510690501003,650,423,423,423,0,0,227,51,69,50100,3
"Block Group 1, Census Tract 502, Frederick County, Virginia",510690502001,1333,862,862,849,13,0,471,51,69,50200,1
"Block Group 2, Census Tract 502, Frederick County, Virginia",510690502002,819,473,473,463,10,0,346,51,69,50200,2
"Block Group 1, Census Tract 503, Frederick County, Virginia",510690503001,1466,884,884,793,91,0,582,51,69,50300,1
"Block Group 2, Census Tract 503, Frederick County, Virginia",510690503002,916,601,536,483,53,65,315,51,69,50300,2
"Block Group 4, Census Tract 503, Frederick County, Virginia",510690503004,1763,1069,1021,1021,0,48,694,51,69,50300,4
"Block Group 1, Census Tract 504.01, Frederick County, Virginia",510690504011,439,377,377,318,59,0,62,51,69,50401,1
"Block Group 3, Census Tract 504.01, Frederick County, Virginia",510690504013,1493,1012,1012,1012,0,0,481,51,69,50401,3
"Block Group 1, Census Tract 504.02, Frederick County, Virginia",510690504021,1717,931,931,931,0,0,786,51,69,50402,1
"Block Group 1, Census Tract 505, Frederick County, Virginia",510690505001,811,600,600,600,0,0,211,51,69,50500,1
"Block Group 2, Census Tract 505, Frederick County, Virginia",510690505002,759,548,548,507,41,0,211,51,69,50500,2
"Block Group 4, Census Tract 505, Frederick County, Virginia",510690505004,910,401,401,388,13,0,509,51,69,50500,4
"Block Group 5, Census Tract 505, Frederick County, Virginia",510690505005,1242,897,862,862,0,35,345,51,69,50500,5
"Block Group 2, Census Tract 506, Frederick County, Virginia",510690506002,1553,1129,1129,1017,112,0,424,51,69,50600,2
"Block Group 2, Census Tract 507, Frederick County, Virginia",510690507002,1033,601,601,581,20,0,432,51,69,50700,2
"Block Group 1, Census Tract 508.01, Frederick County, Virginia",510690508011,1272,848,848,594,254,0,424,51,69,50801,1
"Block Group 3, Census Tract 508.01, Frederick County, Virginia",510690508013,1578,1059,1059,1037,22,0,519,51,69,50801,3
"Block Group 1, Census Tract 508.04, Frederick County, Virginia",510690508041,2106,1386,1386,1386,0,0,720,51,69,50804,1
"Block Group 2, Census Tract 508.04, Frederick County, Virginia",510690508042,1653,1071,1071,1071,0,0,582,51,69,50804,2
"Block Group 1, Census Tract 508.05, Frederick County, Virginia",510690508051,397,267,267,266,1,0,130,51,69,50805,1
"Block Group 2, Census Tract 508.05, Frederick County, Virginia",510690508052,1376,938,938,938,0,0,438,51,69,50805,2
"Block Group 1, Census Tract 508.06, Frederick County, Virginia",510690508061,1442,1122,1122,1106,16,0,320,51,69,50806,1
"Block Group 2, Census Tract 508.06, Frederick County, Virginia",510690508062,1696,1156,1156,1156,0,0,540,51,69,50806,2
"Block Group 1, Census Tract 508.07, Frederick County, Virginia",510690508071,901,751,751,751,0,0,150,51,69,50807,1
"Block Group 2, Census Tract 508.07, Frederick County, Virginia",510690508072,1126,621,621,597,24,0,505,51,69,50807,2
"Block Group 3, Census Tract 508.07, Frederick County, Virginia",510690508073,890,666,666,666,0,0,224,51,69,50807,3
"Block Group 1, Census Tract 509, Frederick County, Virginia",510690509001,2099,1361,1361,1314,47,0,738,51,69,50900,1
"Block Group 2, Census Tract 509, Frederick County, Virginia",510690509002,1874,926,926,875,51,0,948,51,69,50900,2
"Block Group 1, Census Tract 510.01, Frederick County, Virginia",510690510011,730,374,374,374,0,0,356,51,69,51001,1
"Block Group 2, Census Tract 510.01, Frederick County, Virginia",510690510012,1512,993,993,966,27,0,519,51,69,51001,2
"Block Group 3, Census Tract 510.01, Frederick County, Virginia",510690510013,857,798,798,761,37,0,59,51,69,51001,3
"Block Group 2, Census Tract 510.02, Frederick County, Virginia",510690510022,1512,1213,1213,1152,61,0,299,51,69,51002,2
"Block Group 3, Census Tract 510.02, Frederick County, Virginia",510690510023,1481,1083,1083,1055,28,0,398,51,69,51002,3
"Block Group 1, Census Tract 511.02, Frederick County, Virginia",510690511021,1453,875,875,846,29,0,578,51,69,51102,1
"Block Group 2, Census Tract 511.02, Frederick County, Virginia",510690511022,2845,1103,1103,1103,0,0,1742,51,69,51102,2
"Block Group 4, Census Tract 511.02, Frederick County, Virginia",510690511024,1270,580,580,443,137,0,690,51,69,51102,4
"Block Group 1, Census Tract 511.03, Frederick County, Virginia",510690511031,1940,1293,1293,1237,56,0,647,51,69,51103,1
"Block Group 1, Census Tract 511.04, Frederick County, Virginia",510690511041,507,229,229,229,0,0,278,51,69,51104,1
"Block Group 2, Census Tract 511.04, Frederick County, Virginia",510690511042,2096,1394,1394,1394,0,0,702,51,69,51104,2
"Block Group 2, Census Tract 9301, Giles County, Virginia",510719301002,899,459,459,459,0,0,440,51,71,930100,2
"Block Group 1, Census Tract 9302, Giles County, Virginia",510719302001,738,430,430,392,38,0,308,51,71,930200,1
"Block Group 1, Census Tract 9302.01, Madison County, Virginia",511139302011,2481,1510,1510,1459,51,0,971,51,113,930201,1
"Block Group 1, Census Tract 9302.02, Madison County, Virginia",511139302021,818,421,421,421,0,0,397,51,113,930202,1
"Block Group 2, Census Tract 9302.02, Madison County, Virginia",511139302022,1179,746,746,664,82,0,433,51,113,930202,2
"Block Group 1, Census Tract 9513.01, Mathews County, Virginia",511159513011,651,236,236,218,18,0,415,51,115,951301,1
"Block Group 2, Census Tract 9513.01, Mathews County, Virginia",511159513012,1580,1074,1074,977,97,0,506,51,115,951301,2
"Block Group 1, Census Tract 9513.02, Mathews County, Virginia",511159513021,634,340,340,340,0,0,294,51,115,951302,1
"Block Group 2, Census Tract 9513.02, Mathews County, Virginia",511159513022,1114,545,511,511,0,34,569,51,115,951302,2
"Block Group 1, Census Tract 9514.01, Mathews County, Virginia",511159514011,452,183,183,183,0,0,269,51,115,951401,1
"Block Group 2, Census Tract 9514.01, Mathews County, Virginia",511159514012,1173,576,576,519,57,0,597,51,115,951401,2
"Block Group 3, Census Tract 9514.01, Mathews County, Virginia",511159514013,417,175,175,175,0,0,242,51,115,951401,3
"Block Group 0, Census Tract 9901, Mathews County, Virginia",511159901000,0,0,0,0,0,0,0,51,115,990100,0
"Block Group 1, Census Tract 9301.01, Mecklenburg County, Virginia",511179301011,816,419,419,383,36,0,397,51,117,930101,1
"Block Group 1, Census Tract 9301.03, Mecklenburg County, Virginia",511179301031,644,332,332,317,15,0,312,51,117,930103,1
"Block Group 2, Census Tract 9301.04, Mecklenburg County, Virginia",511179301042,399,196,196,196,0,0,203,51,117,930104,2
"Block Group 1, Census Tract 9302.01, Mecklenburg County, Virginia",511179302011,1423,821,821,804,17,0,602,51,117,930201,1
"Block Group 3, Census Tract 9302.01, Mecklenburg County, Virginia",511179302013,668,368,368,319,49,0,300,51,117,930201,3
"Block Group 1, Census Tract 9302.02, Mecklenburg County, Virginia",511179302021,900,527,527,474,53,0,373,51,117,930202,1
"Block Group 1, Census Tract 9303, Mecklenburg County, Virginia",511179303001,994,690,690,667,23,0,304,51,117,930300,1
"Block Group 2, Census Tract 9303, Mecklenburg County, Virginia",511179303002,569,210,210,204,6,0,359,51,117,930300,2
"Block Group 1, Census Tract 9304.01, Mecklenburg County, Virginia",511179304011,1422,810,810,802,8,0,612,51,117,930401,1
"Block Group 2, Census Tract 9304.01, Mecklenburg County, Virginia",511179304012,473,158,158,127,31,0,315,51,117,930401,2
"Block Group 2, Census Tract 9304.02, Mecklenburg County, Virginia",511179304022,1169,511,511,454,57,0,658,51,117,930402,2
"Block Group 1, Census Tract 9305, Mecklenburg County, Virginia",511179305001,759,460,460,460,0,0,299,51,117,930500,1
"Block Group 1, Census Tract 9306, Mecklenburg County, Virginia",511179306001,774,321,321,321,0,0,453,51,117,930600,1
"Block Group 2, Census Tract 9306, Mecklenburg County, Virginia",511179306002,1188,690,690,688,2,0,498,51,117,930600,2
"Block Group 1, Census Tract 9307, Mecklenburg County, Virginia",511179307001,944,445,445,391,54,0,499,51,117,930700,1
"Block Group 2, Census Tract 9307, Mecklenburg County, Virginia",511179307002,1186,596,596,596,0,0,590,51,117,930700,2
"Block Group 2, Census Tract 9308, Mecklenburg County, Virginia",511179308002,984,418,418,404,14,0,566,51,117,930800,2
"Block Group 3, Census Tract 9308, Mecklenburg County, Virginia",511179308003,857,401,401,381,20,0,456,51,117,930800,3
"Block Group 1, Census Tract 9509, Middlesex County, Virginia",511199509001,818,601,601,533,68,0,217,51,119,950900,1
"Block Group 2, Census Tract 9509, Middlesex County, Virginia",511199509002,749,421,421,397,24,0,328,51,119,950900,2
"Block Group 2, Census Tract 9510, Middlesex County, Virginia",511199510002,688,391,391,378,13,0,297,51,119,951000,2
"Block Group 3, Census Tract 9510, Middlesex County, Virginia",511199510003,508,346,346,320,26,0,162,51,119,951000,3
"Block Group 1, Census Tract 9511, Middlesex County, Virginia",511199511001,1015,395,395,376,19,0,620,51,119,951100,1
"Block Group 2, Census Tract 9511, Middlesex County, Virginia",511199511002,798,430,430,387,43,0,368,51,119,951100,2
"Block Group 1, Census Tract 9512, Middlesex County, Virginia",511199512001,734,381,381,356,25,0,353,51,119,951200,1
"Block Group 3, Census Tract 9512, Middlesex County, Virginia",511199512003,936,504,504,470,34,0,432,51,119,951200,3
"Block Group 0, Census Tract 9901, Middlesex County, Virginia",511199901000,0,0,0,0,0,0,0,51,119,990100,0
"Block Group 1, Census Tract 201, Montgomery County, Virginia",511210201001,1644,854,854,804,50,0,790,51,121,20100,1
"Block Group 2, Census Tract 201, Montgomery County, Virginia",511210201002,7188,2861,2861,2763,98,0,4327,51,121,20100,2
"Block Group 2, Census Tract 402.02, Shenandoah County, Virginia",511710402022,1517,825,825,816,9,0,692,51,171,40202,2
"Block Group 2, Census Tract 403, Shenandoah County, Virginia",511710403002,1544,1054,1054,1028,26,0,490,51,171,40300,2
"Block Group 1, Census Tract 404, Shenandoah County, Virginia",511710404001,703,415,415,383,32,0,288,51,171,40400,1
"Block Group 1, Census Tract 405.01, Shenandoah County, Virginia",511710405011,1316,977,977,977,0,0,339,51,171,40501,1
"Block Group 2, Census Tract 405.01, Shenandoah County, Virginia",511710405012,1231,703,703,660,43,0,528,51,171,40501,2
"Block Group 4, Census Tract 405.01, Shenandoah County, Virginia",511710405014,678,424,424,424,0,0,254,51,171,40501,4
"Block Group 1, Census Tract 405.02, Shenandoah County, Virginia",511710405021,804,455,455,440,15,0,349,51,171,40502,1
"Block Group 1, Census Tract 406, Shenandoah County, Virginia",511710406001,952,677,677,669,8,0,275,51,171,40600,1
"Block Group 2, Census Tract 406, Shenandoah County, Virginia",511710406002,1401,990,990,943,47,0,411,51,171,40600,2
"Block Group 1, Census Tract 407, Shenandoah County, Virginia",511710407001,1188,815,804,755,49,11,373,51,171,40700,1
"Block Group 2, Census Tract 407, Shenandoah County, Virginia",511710407002,1290,673,673,642,31,0,617,51,171,40700,2
"Block Group 1, Census Tract 408, Shenandoah County, Virginia",511710408001,1624,689,689,682,7,0,935,51,171,40800,1
"Block Group 2, Census Tract 408, Shenandoah County, Virginia",511710408002,2147,1264,1264,1145,119,0,883,51,171,40800,2
"Block Group 1, Census Tract 301, Smyth County, Virginia",511730301001,569,300,300,265,35,0,269,51,173,30100,1
"Block Group 2, Census Tract 301, Smyth County, Virginia",511730301002,402,204,204,204,0,0,198,51,173,30100,2
"Block Group 4, Census Tract 301, Smyth County, Virginia",511730301004,771,435,435,416,19,0,336,51,173,30100,4
"Block Group 1, Census Tract 302, Smyth County, Virginia",511730302001,1078,270,270,208,62,0,808,51,173,30200,1
"Block Group 3, Census Tract 302, Smyth County, Virginia",511730302003,1123,542,542,537,5,0,581,51,173,30200,3
"Block Group 1, Census Tract 303.01, Smyth County, Virginia",511730303011,764,483,483,467,16,0,281,51,173,30301,1
"Block Group 2, Census Tract 303.01, Smyth County, Virginia",511730303012,809,538,538,464,74,0,271,51,173,30301,2
"Block Group 1, Census Tract 303.02, Smyth County, Virginia",511730303021,813,371,371,331,40,0,442,51,173,30302,1
"Block Group 2, Census Tract 303.02, Smyth County, Virginia",511730303022,522,247,247,229,18,0,275,51,173,30302,2
"Block Group 4, Census Tract 303.02, Smyth County, Virginia",511730303024,903,308,308,297,11,0,595,51,173,30302,4
"Block Group 1, Census Tract 304, Smyth County, Virginia",511730304001,755,359,359,340,19,0,396,51,173,30400,1
"Block Group 1, Census Tract 305, Smyth County, Virginia",511730305001,1163,463,463,455,8,0,700,51,173,30500,1
"Block Group 2, Census Tract 305, Smyth County, Virginia",511730305002,962,624,624,593,31,0,338,51,173,30500,2
"Block Group 2, Census Tract 306, Smyth County, Virginia",511730306002,1009,496,496,496,0,0,513,51,173,30600,2
"Block Group 3, Census Tract 306, Smyth County, Virginia",511730306003,617,342,342,282,60,0,275,51,173,30600,3
"Block Group 1, Census Tract 307.01, Smyth County, Virginia",511730307011,1150,542,542,538,4,0,608,51,173,30701,1
"Block Group 2, Census Tract 307.01, Smyth County, Virginia",511730307012,966,566,566,552,14,0,400,51,173,30701,2
"Block Group 3, Census Tract 307.01, Smyth County, Virginia",511730307013,864,313,313,300,13,0,551,51,173,30701,3
"Block Group 4, Census Tract 307.01, Smyth County, Virginia",511730307014,1183,550,550,541,9,0,633,51,173,30701,4
"Block Group 1, Census Tract 307.02, Smyth County, Virginia",511730307021,942,595,595,555,40,0,347,51,173,30702,1
"Block Group 2, Census Tract 307.02, Smyth County, Virginia",511730307022,1342,738,738,704,34,0,604,51,173,30702,2
"Block Group 3, Census Tract 307.02, Smyth County, Virginia",511730307023,1500,604,604,523,81,0,896,51,173,30702,3
"Block Group 1, Census Tract 2001, Southampton County, Virginia",511752001001,1206,819,808,760,48,11,387,51,175,200100,1
"Block Group 2, Census Tract 2001, Southampton County, Virginia",511752001002,1069,600,587,580,7,13,469,51,175,200100,2
"Block Group 3, Census Tract 2001, Southampton County, Virginia",511752001003,1028,564,557,554,3,7,464,51,175,200100,3
"Block Group 1, Census Tract 2002, Southampton County, Virginia",511752002001,734,488,488,488,0,0,246,51,175,200200,1
"Block Group 2, Census Tract 2002, Southampton County, Virginia",511752002002,1452,963,963,942,21,0,489,51,175,200200,2
"Block Group 1, Census Tract 2003, Southampton County, Virginia",511752003001,1301,0,0,0,0,0,1301,51,175,200300,1
"Block Group 2, Census Tract 3.02, Fredericksburg city, Virginia",516300003022,1419,997,994,930,64,3,422,51,630,302,2
"Block Group 3, Census Tract 3.02, Fredericksburg city, Virginia",516300003023,1113,820,820,812,8,0,293,51,630,302,3
"Block Group 2, Census Tract 4, Fredericksburg city, Virginia",516300004002,1296,1011,1011,973,38,0,285,51,630,400,2
"Block Group 3, Census Tract 4, Fredericksburg city, Virginia",516300004003,790,477,469,397,72,8,313,51,630,400,3
"Block Group 2, Census Tract 5, Fredericksburg city, Virginia",516300005002,1256,1178,1166,1154,12,12,78,51,630,500,2
"Block Group 3, Census Tract 5, Fredericksburg city, Virginia",516300005003,1765,1280,1280,1017,263,0,485,51,630,500,3
"Block Group 5, Census Tract 5, Fredericksburg city, Virginia",516300005005,539,483,483,483,0,0,56,51,630,500,5
"Block Group 1, Census Tract 701.01, Galax city, Virginia",516400701011,849,590,590,519,71,0,259,51,640,70101,1
"Block Group 3, Census Tract 701.01, Galax city, Virginia",516400701013,515,163,163,126,37,0,352,51,640,70101,3
"Block Group 4, Census Tract 701.01, Galax city, Virginia",516400701014,481,292,292,283,9,0,189,51,640,70101,4
"Block Group 5, Census Tract 701.01, Galax city, Virginia",516400701015,321,260,260,260,0,0,61,51,640,70101,5
"Block Group 6, Census Tract 701.01, Galax city, Virginia",516400701016,528,263,263,256,7,0,265,51,640,70101,6
"Block Group 1, Census Tract 701.02, Galax city, Virginia",516400701021,755,428,428,349,79,0,327,51,640,70102,1
"Block Group 2, Census Tract 701.02, Galax city, Virginia",516400701022,1025,578,578,541,37,0,447,51,640,70102,2
"Block Group 1, Census Tract 101.03, Hampton city, Virginia",516500101031,886,530,513,513,0,17,356,51,650,10103,1
"Block Group 2, Census Tract 101.03, Hampton city, Virginia",516500101032,1293,849,790,725,65,59,444,51,650,10103,2
"Block Group 3, Census Tract 101.03, Hampton city, Virginia",516500101033,961,561,561,539,22,0,400,51,650,10103,3
"Block Group 4, Census Tract 101.03, Hampton city, Virginia",516500101034,946,518,473,462,11,45,428,51,650,10103,4
"Block Group 5, Census Tract 101.03, Hampton city, Virginia",516500101035,792,499,462,462,0,37,293,51,650,10103,5
"Block Group 6, Census Tract 101.03, Hampton city, Virginia",516500101036,651,376,335,335,0,41,275,51,650,10103,6
"Block Group 1, Census Tract 101.04, Hampton city, Virginia",516500101041,880,515,399,399,0,116,365,51,650,10104,1
"Block Group 2, Census Tract 101.04, Hampton city, Virginia",516500101042,2193,1342,1342,1342,0,0,851,51,650,10104,2
"Block Group 3, Census Tract 101.04, Hampton city, Virginia",516500101043,460,179,179,179,0,0,281,51,650,10104,3
"Block Group 4, Census Tract 101.04, Hampton city, Virginia",516500101044,761,383,383,348,35,0,378,51,650,10104,4
"Block Group 1, Census Tract 102, Hampton city, Virginia",516500102001,1873,1719,159,159,0,1560,154,51,650,10200,1
"Block Group 1, Census Tract 103.04, Hampton city, Virginia",516500103041,1175,906,891,881,10,15,269,51,650,10304,1
"Block Group 4, Census Tract 103.04, Hampton city, Virginia",516500103044,1221,858,827,819,8,31,363,51,650,10304,4
"Block Group 2, Census Tract 103.06, Hampton city, Virginia",516500103062,1805,1317,1267,1162,105,50,488,51,650,10306,2
"Block Group 3, Census Tract 103.06, Hampton city, Virginia",516500103063,1080,719,719,576,143,0,361,51,650,10306,3
"Block Group 1, Census Tract 103.07, Hampton city, Virginia",516500103071,1545,1040,1040,997,43,0,505,51,650,10307,1
"Block Group 2, Census Tract 103.07, Hampton city, Virginia",516500103072,1354,962,911,911,0,51,392,51,650,10307,2
"Block Group 1, Census Tract 103.09, Hampton city, Virginia",516500103091,1487,1172,1098,783,315,74,315,51,650,10309,1
"Block Group 2, Census Tract 103.09, Hampton city, Virginia",516500103092,1062,696,613,590,23,83,366,51,650,10309,2
"Block Group 1, Census Tract 103.10, Hampton city, Virginia",516500103101,1588,1044,1034,932,102,10,544,51,650,10310,1
"Block Group 3, Census Tract 103.10, Hampton city, Virginia",516500103103,822,493,493,482,11,0,329,51,650,10310,3
"Block Group 1, Census Tract 103.11, Hampton city, Virginia",516500103111,1517,1131,1032,1001,31,99,386,51,650,10311,1
"Block Group 1, Census Tract 103.12, Hampton city, Virginia",516500103121,1201,886,835,822,13,51,315,51,650,10312,1
"Block Group 2, Census Tract 103.12, Hampton city, Virginia",516500103122,788,612,604,596,8,8,176,51,650,10312,2
"Block Group 1, Census Tract 103.14, Hampton city, Virginia",516500103141,1710,1185,1151,1058,93,34,525,51,650,10314,1
"Block Group 1, Census Tract 103.15, Hampton city, Virginia",516500103151,1404,1068,777,758,19,291,336,51,650,10315,1
"Block Group 1, Census Tract 103.16, Hampton city, Virginia",516500103161,1479,797,679,679,0,118,682,51,650,10316,1
"Block Group 1, Census Tract 703, Richmond city, Virginia",517600703001,2107,1731,1731,1659,72,0,376,51,760,70300,1
"Block Group 2, Census Tract 703, Richmond city, Virginia",517600703002,727,446,427,427,0,19,281,51,760,70300,2
"Block Group 1, Census Tract 704, Richmond city, Virginia",517600704001,1317,866,866,833,33,0,451,51,760,70400,1
"Block Group 2, Census Tract 704, Richmond city, Virginia",517600704002,1206,754,754,696,58,0,452,51,760,70400,2
"Block Group 3, Census Tract 704, Richmond city, Virginia",517600704003,1069,741,741,735,6,0,328,51,760,70400,3
"Block Group 1, Census Tract 706.01, Richmond city, Virginia",517600706011,1004,494,494,474,20,0,510,51,760,70601,1
"Block Group 2, Census Tract 706.01, Richmond city, Virginia",517600706012,1489,817,817,678,139,0,672,51,760,70601,2
"Block Group 3, Census Tract 706.01, Richmond city, Virginia",517600706013,1121,958,958,889,69,0,163,51,760,70601,3
"Block Group 1, Census Tract 706.02, Richmond city, Virginia",517600706021,1117,699,699,640,59,0,418,51,760,70602,1
"Block Group 2, Census Tract 706.02, Richmond city, Virginia",517600706022,1031,627,627,571,56,0,404,51,760,70602,2
"Block Group 2, Census Tract 707, Richmond city, Virginia",517600707002,1840,1236,1236,972,264,0,604,51,760,70700,2
"Block Group 3, Census Tract 707, Richmond city, Virginia",517600707003,2275,1587,1552,1504,48,35,688,51,760,70700,3
"Block Group 2, Census Tract 708.02, Richmond city, Virginia",517600708022,1417,773,773,748,25,0,644,51,760,70802,2
"Block Group 1, Census Tract 708.03, Richmond city, Virginia",517600708031,2078,1202,1202,965,237,0,876,51,760,70803,1
"Block Group 1, Census Tract 708.04, Richmond city, Virginia",517600708041,675,450,450,431,19,0,225,51,760,70804,1
"Block Group 2, Census Tract 708.04, Richmond city, Virginia",517600708042,1266,910,910,910,0,0,356,51,760,70804,2
"Block Group 1, Census Tract 709.01, Richmond city, Virginia",517600709011,1862,790,790,636,154,0,1072,51,760,70901,1
"Block Group 2, Census Tract 709.01, Richmond city, Virginia",517600709012,1573,1038,1038,982,56,0,535,51,760,70901,2
"Block Group 1, Census Tract 709.02, Richmond city, Virginia",517600709021,485,410,410,410,0,0,75,51,760,70902,1
"Block Group 1, Census Tract 710.02, Richmond city, Virginia",517600710021,1291,1074,1074,948,126,0,217,51,760,71002,1
"Block Group 1, Census Tract 710.03, Richmond city, Virginia",517600710031,877,555,555,545,10,0,322,51,760,71003,1
"Block Group 2, Census Tract 710.03, Richmond city, Virginia",517600710032,1197,900,900,796,104,0,297,51,760,71003,2
"Block Group 2, Census Tract 710.04, Richmond city, Virginia",517600710042,630,313,313,313,0,0,317,51,760,71004,2
"Block Group 1, Census Tract 711, Richmond city, Virginia",517600711001,1323,946,935,884,51,11,377,51,760,71100,1
"Block Group 3, Census Tract 711, Richmond city, Virginia",517600711003,1924,1472,1472,1336,136,0,452,51,760,71100,3
"Block Group 4, Census Tract 711, Richmond city, Virginia",517600711004,1173,951,946,927,19,5,222,51,760,71100,4
"Block Group 2, Census Tract 1, Roanoke city, Virginia",517700001002,1310,554,554,469,85,0,756,51,770,100,2
"Block Group 3, Census Tract 1, Roanoke city, Virginia",517700001003,740,415,415,376,39,0,325,51,770,100,3
"Block Group 2, Census Tract 3, Roanoke city, Virginia",517700003002,1171,930,930,812,118,0,241,51,770,300,2
"Block Group 3, Census Tract 3, Roanoke city, Virginia",517700003003,1789,1185,1135,992,143,50,604,51,770,300,3
"Block Group 2, Census Tract 4, Roanoke city, Virginia",517700004002,1890,1064,1064,822,242,0,826,51,770,400,2
"Block Group 1, Census Tract 5, Roanoke city, Virginia",517700005001,2151,1674,1656,1495,161,18,477,51,770,500,1
"Block Group 2, Census Tract 5, Roanoke city, Virginia",517700005002,565,390,390,378,12,0,175,51,770,500,2
"Block Group 4, Census Tract 5, Roanoke city, Virginia",517700005004,834,618,618,604,14,0,216,51,770,500,4
"Block Group 1, Census Tract 6.01, Roanoke city, Virginia",517700006011,785,533,533,533,0,0,252,51,770,601,1
"Block Group 3, Census Tract 6.01, Roanoke city, Virginia",517700006013,711,447,447,373,74,0,264,51,770,601,3
"Block Group 4, Census Tract 6.01, Roanoke city, Virginia",517700006014,951,528,528,459,69,0,423,51,770,601,4
"Block Group 1, Census Tract 6.02, Roanoke city, Virginia",517700006021,794,574,574,568,6,0,220,51,770,602,1
"Block Group 3, Census Tract 6.02, Roanoke city, Virginia",517700006023,1032,448,448,408,40,0,584,51,770,602,3
"Block Group 1, Census Tract 9, Roanoke city, Virginia",517700009001,2642,1532,1532,1397,135,0,1110,51,770,900,1
"Block Group 2, Census Tract 9, Roanoke city, Virginia",517700009002,1710,1098,1098,1065,33,0,612,51,770,900,2
"Block Group 1, Census Tract 10, Roanoke city, Virginia",517700010001,975,678,678,643,35,0,297,51,770,1000,1
"Block Group 3, Census Tract 906, Accomack County, Virginia",510010906003,956,462,455,392,63,7,494,51,1,90600,3
"Block Group 1, Census Tract 907, Accomack County, Virginia",510010907001,1021,687,687,682,5,0,334,51,1,90700,1
"Block Group 2, Census Tract 907, Accomack County, Virginia",510010907002,425,217,217,209,8,0,208,51,1,90700,2
"Block Group 4, Census Tract 907, Accomack County, Virginia",510010907004,726,449,449,449,0,0,277,51,1,90700,4
"Block Group 1, Census Tract 908, Accomack County, Virginia",510010908001,713,250,250,247,3,0,463,51,1,90800,1
"Block Group 2, Census Tract 908, Accomack County, Virginia",510010908002,1259,550,547,516,31,3,709,51,1,90800,2
"Block Group 1, Census Tract 9801, Accomack County, Virginia",510019801001,27,27,27,27,0,0,0,51,1,980100,1
"Block Group 1, Census Tract 9802, Accomack County, Virginia",510019802001,0,0,0,0,0,0,0,51,1,980200,1
"Block Group 0, Census Tract 9902, Accomack County, Virginia",510019902000,0,0,0,0,0,0,0,51,1,990200,0
"Block Group 1, Census Tract 101, Albemarle County, Virginia",510030101001,1583,835,835,808,27,0,748,51,3,10100,1
"Block Group 3, Census Tract 101, Albemarle County, Virginia",510030101003,1446,773,773,753,20,0,673,51,3,10100,3
"Block Group 1, Census Tract 102.01, Albemarle County, Virginia",510030102011,1410,966,966,918,48,0,444,51,3,10201,1
"Block Group 2, Census Tract 102.01, Albemarle County, Virginia",510030102012,1277,977,949,949,0,28,300,51,3,10201,2
"Block Group 3, Census Tract 102.01, Albemarle County, Virginia",510030102013,1249,794,794,726,68,0,455,51,3,10201,3
"Block Group 1, Census Tract 102.02, Albemarle County, Virginia",510030102021,907,545,531,528,3,14,362,51,3,10202,1
"Block Group 2, Census Tract 102.02, Albemarle County, Virginia",510030102022,1602,1002,988,978,10,14,600,51,3,10202,2
"Block Group 1, Census Tract 103.01, Albemarle County, Virginia",510030103011,1550,1100,1100,1061,39,0,450,51,3,10301,1
"Block Group 1, Census Tract 103.02, Albemarle County, Virginia",510030103021,920,537,531,496,35,6,383,51,3,10302,1
"Block Group 1, Census Tract 103.03, Albemarle County, Virginia",510030103031,1536,1325,1310,1273,37,15,211,51,3,10303,1
"Block Group 2, Census Tract 103.03, Albemarle County, Virginia",510030103032,715,408,400,383,17,8,307,51,3,10303,2
"Block Group 3, Census Tract 103.03, Albemarle County, Virginia",510030103033,1892,1323,1323,1276,47,0,569,51,3,10303,3
"Block Group 1, Census Tract 104.01, Albemarle County, Virginia",510030104011,1630,1006,984,956,28,22,624,51,3,10401,1
"Block Group 2, Census Tract 104.01, Albemarle County, Virginia",510030104012,882,647,647,639,8,0,235,51,3,10401,2
"Block Group 3, Census Tract 104.01, Albemarle County, Virginia",510030104013,1085,645,645,626,19,0,440,51,3,10401,3
"Block Group 2, Census Tract 104.02, Albemarle County, Virginia",510030104022,662,290,290,280,10,0,372,51,3,10402,2
"Block Group 3, Census Tract 104.02, Albemarle County, Virginia",510030104023,1229,548,548,491,57,0,681,51,3,10402,3
"Block Group 2, Census Tract 105.01, Albemarle County, Virginia",510030105012,1039,730,730,662,68,0,309,51,3,10501,2
"Block Group 1, Census Tract 105.02, Albemarle County, Virginia",510030105021,788,450,450,450,0,0,338,51,3,10502,1
"Block Group 3, Census Tract 105.02, Albemarle County, Virginia",510030105023,796,515,515,515,0,0,281,51,3,10502,3
"Block Group 3, Census Tract 106.02, Albemarle County, Virginia",510030106023,1020,809,809,809,0,0,211,51,3,10602,3
"Block Group 1, Census Tract 106.03, Albemarle County, Virginia",510030106031,1377,523,523,498,25,0,854,51,3,10603,1
"Block Group 1, Census Tract 106.04, Albemarle County, Virginia",510030106041,791,402,402,337,65,0,389,51,3,10604,1
"Block Group 2, Census Tract 106.04, Albemarle County, Virginia",510030106042,786,526,526,477,49,0,260,51,3,10604,2
"Block Group 1, Census Tract 107.01, Albemarle County, Virginia",510030107011,1190,939,926,926,0,13,251,51,3,10701,1
"Block Group 2, Census Tract 107.01, Albemarle County, Virginia",510030107012,1219,705,705,705,0,0,514,51,3,10701,2
"Block Group 2, Census Tract 107.02, Albemarle County, Virginia",510030107022,889,591,591,591,0,0,298,51,3,10702,2
"Block Group 3, Census Tract 107.02, Albemarle County, Virginia",510030107023,1004,705,687,687,0,18,299,51,3,10702,3
"Block Group 2, Census Tract 108.01, Albemarle County, Virginia",510030108012,1007,810,810,810,0,0,197,51,3,10801,2
"Block Group 3, Census Tract 108.01, Albemarle County, Virginia",510030108013,721,201,201,201,0,0,520,51,3,10801,3
"Block Group 2, Census Tract 108.02, Albemarle County, Virginia",510030108022,1078,774,774,774,0,0,304,51,3,10802,2
"Block Group 1, Census Tract 109.01, Albemarle County, Virginia",510030109011,1035,241,241,218,23,0,794,51,3,10901,1
"Block Group 3, Census Tract 9305.02, Culpeper County, Virginia",510479305023,2697,1886,1831,1811,20,55,811,51,47,930502,3
"Block Group 1, Census Tract 9301.01, Cumberland County, Virginia",510499301011,422,103,103,103,0,0,319,51,49,930101,1
"Block Group 2, Census Tract 9301.01, Cumberland County, Virginia",510499301012,1531,857,857,857,0,0,674,51,49,930101,2
"Block Group 3, Census Tract 9301.01, Cumberland County, Virginia",510499301013,815,567,567,539,28,0,248,51,49,930101,3
"Block Group 1, Census Tract 9301.02, Cumberland County, Virginia",510499301021,842,621,621,621,0,0,221,51,49,930102,1
"Block Group 2, Census Tract 9301.02, Cumberland County, Virginia",510499301022,1284,880,880,837,43,0,404,51,49,930102,2
"Block Group 1, Census Tract 9302, Cumberland County, Virginia",510499302001,1115,750,750,712,38,0,365,51,49,930200,1
"Block Group 2, Census Tract 9302, Cumberland County, Virginia",510499302002,1440,934,924,913,11,10,506,51,49,930200,2
"Block Group 3, Census Tract 9302, Cumberland County, Virginia",510499302003,983,568,568,568,0,0,415,51,49,930200,3
"Block Group 2, Census Tract 401, Dickenson County, Virginia",510510401002,1166,308,308,302,6,0,858,51,51,40100,2
"Block Group 3, Census Tract 401, Dickenson County, Virginia",510510401003,766,289,288,288,0,1,477,51,51,40100,3
"Block Group 1, Census Tract 402, Dickenson County, Virginia",510510402001,717,246,246,239,7,0,471,51,51,40200,1
"Block Group 2, Census Tract 402, Dickenson County, Virginia",510510402002,670,195,195,190,5,0,475,51,51,40200,2
"Block Group 1, Census Tract 403, Dickenson County, Virginia",510510403001,1039,565,565,553,12,0,474,51,51,40300,1
"Block Group 2, Census Tract 403, Dickenson County, Virginia",510510403002,1043,339,339,322,17,0,704,51,51,40300,2
"Block Group 4, Census Tract 403, Dickenson County, Virginia",510510403004,541,164,164,137,27,0,377,51,51,40300,4
"Block Group 5, Census Tract 403, Dickenson County, Virginia",510510403005,466,275,275,255,20,0,191,51,51,40300,5
"Block Group 2, Census Tract 404, Dickenson County, Virginia",510510404002,964,263,263,247,16,0,701,51,51,40400,2
"Block Group 3, Census Tract 404, Dickenson County, Virginia",510510404003,336,96,96,72,24,0,240,51,51,40400,3
"Block Group 1, Census Tract 8401.01, Dinwiddie County, Virginia",510538401011,702,188,188,188,0,0,514,51,53,840101,1
"Block Group 2, Census Tract 8401.01, Dinwiddie County, Virginia",510538401012,1223,621,621,621,0,0,602,51,53,840101,2
"Block Group 2, Census Tract 8401.02, Dinwiddie County, Virginia",510538401022,1482,862,862,671,191,0,620,51,53,840102,2
"Block Group 3, Census Tract 8401.02, Dinwiddie County, Virginia",510538401023,674,532,532,532,0,0,142,51,53,840102,3
"Block Group 2, Census Tract 8402, Dinwiddie County, Virginia",510538402002,1091,558,558,539,19,0,533,51,53,840200,2
"Block Group 3, Census Tract 8402, Dinwiddie County, Virginia",510538402003,1390,752,752,752,0,0,638,51,53,840200,3
"Block Group 2, Census Tract 8403, Dinwiddie County, Virginia",510538403002,1088,822,822,756,66,0,266,51,53,840300,2
"Block Group 3, Census Tract 8403, Dinwiddie County, Virginia",510538403003,558,370,370,287,83,0,188,51,53,840300,3
"Block Group 1, Census Tract 8405, Dinwiddie County, Virginia",510538405001,2357,1515,1484,1414,70,31,842,51,53,840500,1
"Block Group 1, Census Tract 8406.01, Dinwiddie County, Virginia",510538406011,2260,1504,1476,1427,49,28,756,51,53,840601,1
"Block Group 2, Census Tract 8406.01, Dinwiddie County, Virginia",510538406012,1128,878,878,865,13,0,250,51,53,840601,2
"Block Group 2, Census Tract 8406.02, Dinwiddie County, Virginia",510538406022,1126,665,665,665,0,0,461,51,53,840602,2
"Block Group 1, Census Tract 9801, Dinwiddie County, Virginia",510539801001,0,0,0,0,0,0,0,51,53,980100,1
"Block Group 2, Census Tract 9506, Essex County, Virginia",510579506002,1278,728,728,663,65,0,550,51,57,950600,2
"Block Group 3, Census Tract 9506, Essex County, Virginia",510579506003,967,554,554,487,67,0,413,51,57,950600,3
"Block Group 2, Census Tract 9507, Essex County, Virginia",510579507002,712,315,315,315,0,0,397,51,57,950700,2
"Block Group 1, Census Tract 9508, Essex County, Virginia",510579508001,637,426,426,426,0,0,211,51,57,950800,1
"Block Group 3, Census Tract 9508, Essex County, Virginia",510579508003,1013,648,648,626,22,0,365,51,57,950800,3
"Block Group 1, Census Tract 4151, Fairfax County, Virginia",510594151001,934,582,564,523,41,18,352,51,59,415100,1
"Block Group 2, Census Tract 4151, Fairfax County, Virginia",510594151002,875,604,604,546,58,0,271,51,59,415100,2
"Block Group 3, Census Tract 4151, Fairfax County, Virginia",510594151003,725,502,502,502,0,0,223,51,59,415100,3
"Block Group 1, Census Tract 4152, Fairfax County, Virginia",510594152001,569,443,443,443,0,0,126,51,59,415200,1
"Block Group 3, Census Tract 9302, Giles County, Virginia",510719302003,1177,716,716,708,8,0,461,51,71,930200,3
"Block Group 1, Census Tract 9303, Giles County, Virginia",510719303001,872,501,501,492,9,0,371,51,71,930300,1
"Block Group 5, Census Tract 9303, Giles County, Virginia",510719303005,443,190,190,189,1,0,253,51,71,930300,5
"Block Group 6, Census Tract 9303, Giles County, Virginia",510719303006,757,476,476,464,12,0,281,51,71,930300,6
"Block Group 2, Census Tract 9304, Giles County, Virginia",510719304002,920,599,599,522,77,0,321,51,71,930400,2
"Block Group 3, Census Tract 9304, Giles County, Virginia",510719304003,1657,947,947,906,41,0,710,51,71,930400,3
"Block Group 1, Census Tract 1001.01, Gloucester County, Virginia",510731001011,1135,767,767,732,35,0,368,51,73,100101,1
"Block Group 2, Census Tract 1001.01, Gloucester County, Virginia",510731001012,1367,839,799,777,22,40,528,51,73,100101,2
"Block Group 2, Census Tract 1001.02, Gloucester County, Virginia",510731001022,1512,1044,1003,935,68,41,468,51,73,100102,2
"Block Group 1, Census Tract 1002.01, Gloucester County, Virginia",510731002011,1263,748,748,748,0,0,515,51,73,100201,1
"Block Group 3, Census Tract 1002.01, Gloucester County, Virginia",510731002013,1374,970,970,912,58,0,404,51,73,100201,3
"Block Group 1, Census Tract 1002.02, Gloucester County, Virginia",510731002021,1532,878,878,857,21,0,654,51,73,100202,1
"Block Group 1, Census Tract 1002.03, Gloucester County, Virginia",510731002031,791,280,280,280,0,0,511,51,73,100203,1
"Block Group 2, Census Tract 1002.03, Gloucester County, Virginia",510731002032,1022,661,661,622,39,0,361,51,73,100203,2
"Block Group 4, Census Tract 1002.03, Gloucester County, Virginia",510731002034,577,349,328,319,9,21,228,51,73,100203,4
"Block Group 1, Census Tract 1003.01, Gloucester County, Virginia",510731003011,985,568,568,568,0,0,417,51,73,100301,1
"Block Group 3, Census Tract 1003.01, Gloucester County, Virginia",510731003013,724,436,436,372,64,0,288,51,73,100301,3
"Block Group 4, Census Tract 1003.01, Gloucester County, Virginia",510731003014,1355,782,759,729,30,23,573,51,73,100301,4
"Block Group 1, Census Tract 1003.02, Gloucester County, Virginia",510731003021,1089,808,730,664,66,78,281,51,73,100302,1
"Block Group 2, Census Tract 1003.02, Gloucester County, Virginia",510731003022,646,331,311,311,0,20,315,51,73,100302,2
"Block Group 3, Census Tract 1003.02, Gloucester County, Virginia",510731003023,1193,751,729,704,25,22,442,51,73,100302,3
"Block Group 4, Census Tract 1003.02, Gloucester County, Virginia",510731003024,1564,1135,1135,1120,15,0,429,51,73,100302,4
"Block Group 1, Census Tract 1004, Gloucester County, Virginia",510731004001,1287,862,862,826,36,0,425,51,73,100400,1
"Block Group 1, Census Tract 1005, Gloucester County, Virginia",510731005001,3530,2229,2212,2195,17,17,1301,51,73,100500,1
"Block Group 1, Census Tract 4001.01, Goochland County, Virginia",510754001011,2227,1210,1210,1179,31,0,1017,51,75,400101,1
"Block Group 2, Census Tract 4001.01, Goochland County, Virginia",510754001012,1840,994,994,951,43,0,846,51,75,400101,2
"Block Group 1, Census Tract 4001.02, Goochland County, Virginia",510754001021,967,545,545,506,39,0,422,51,75,400102,1
"Block Group 2, Census Tract 4001.02, Goochland County, Virginia",510754001022,2232,1245,1245,1171,74,0,987,51,75,400102,2
"Block Group 1, Census Tract 4002, Goochland County, Virginia",510754002001,772,428,428,428,0,0,344,51,75,400200,1
"Block Group 2, Census Tract 4002, Goochland County, Virginia",510754002002,704,407,407,396,11,0,297,51,75,400200,2
"Block Group 3, Census Tract 4002, Goochland County, Virginia",510754002003,1165,765,765,693,72,0,400,51,75,400200,3
"Block Group 4, Census Tract 4002, Goochland County, Virginia",510754002004,1310,822,822,814,8,0,488,51,75,400200,4
"Block Group 1, Census Tract 4004, Goochland County, Virginia",510754004001,1484,879,879,777,102,0,605,51,75,400400,1
"Block Group 2, Census Tract 4004, Goochland County, Virginia",510754004002,560,320,320,320,0,0,240,51,75,400400,2
"Block Group 4, Census Tract 4004, Goochland County, Virginia",510754004004,1177,771,771,771,0,0,406,51,75,400400,4
"Block Group 1, Census Tract 4005, Goochland County, Virginia",510754005001,1297,912,912,878,34,0,385,51,75,400500,1
"Block Group 3, Census Tract 4005, Goochland County, Virginia",510754005003,707,480,480,466,14,0,227,51,75,400500,3
"Block Group 1, Census Tract 601.01, Grayson County, Virginia",510770601011,629,360,360,358,2,0,269,51,77,60101,1
"Block Group 3, Census Tract 601.01, Grayson County, Virginia",510770601013,923,459,459,421,38,0,464,51,77,60101,3
"Block Group 1, Census Tract 601.02, Grayson County, Virginia",510770601021,1201,727,727,699,28,0,474,51,77,60102,1
"Block Group 1, Census Tract 202.01, Montgomery County, Virginia",511210202011,605,431,431,431,0,0,174,51,121,20201,1
"Block Group 2, Census Tract 202.01, Montgomery County, Virginia",511210202012,2341,1065,1065,1033,32,0,1276,51,121,20201,2
"Block Group 3, Census Tract 202.01, Montgomery County, Virginia",511210202013,703,348,348,348,0,0,355,51,121,20201,3
"Block Group 4, Census Tract 202.01, Montgomery County, Virginia",511210202014,1278,803,803,803,0,0,475,51,121,20201,4
"Block Group 1, Census Tract 202.02, Montgomery County, Virginia",511210202021,1173,684,684,648,36,0,489,51,121,20202,1
"Block Group 2, Census Tract 202.02, Montgomery County, Virginia",511210202022,1316,433,377,320,57,56,883,51,121,20202,2
"Block Group 1, Census Tract 203.01, Montgomery County, Virginia",511210203011,919,470,470,427,43,0,449,51,121,20301,1
"Block Group 2, Census Tract 203.01, Montgomery County, Virginia",511210203012,806,270,270,261,9,0,536,51,121,20301,2
"Block Group 3, Census Tract 203.01, Montgomery County, Virginia",511210203013,583,360,360,360,0,0,223,51,121,20301,3
"Block Group 4, Census Tract 203.01, Montgomery County, Virginia",511210203014,1086,299,299,287,12,0,787,51,121,20301,4
"Block Group 1, Census Tract 203.02, Montgomery County, Virginia",511210203021,957,797,774,720,54,23,160,51,121,20302,1
"Block Group 2, Census Tract 203.02, Montgomery County, Virginia",511210203022,1894,1118,1118,1118,0,0,776,51,121,20302,2
"Block Group 2, Census Tract 204.01, Montgomery County, Virginia",511210204012,2117,441,402,371,31,39,1676,51,121,20401,2
"Block Group 3, Census Tract 204.02, Montgomery County, Virginia",511210204023,1063,697,697,669,28,0,366,51,121,20402,3
"Block Group 1, Census Tract 205, Montgomery County, Virginia",511210205001,1440,772,772,772,0,0,668,51,121,20500,1
"Block Group 3, Census Tract 205, Montgomery County, Virginia",511210205003,1807,853,853,853,0,0,954,51,121,20500,3
"Block Group 4, Census Tract 205, Montgomery County, Virginia",511210205004,1729,981,981,981,0,0,748,51,121,20500,4
"Block Group 2, Census Tract 206, Montgomery County, Virginia",511210206002,1444,685,685,599,86,0,759,51,121,20600,2
"Block Group 3, Census Tract 206, Montgomery County, Virginia",511210206003,1553,1124,1112,1077,35,12,429,51,121,20600,3
"Block Group 1, Census Tract 207.01, Montgomery County, Virginia",511210207011,1290,859,859,837,22,0,431,51,121,20701,1
"Block Group 2, Census Tract 207.01, Montgomery County, Virginia",511210207012,1279,626,624,476,148,2,653,51,121,20701,2
"Block Group 2, Census Tract 207.02, Montgomery County, Virginia",511210207022,931,622,610,583,27,12,309,51,121,20702,2
"Block Group 3, Census Tract 207.02, Montgomery County, Virginia",511210207023,693,470,470,450,20,0,223,51,121,20702,3
"Block Group 2, Census Tract 208.01, Montgomery County, Virginia",511210208012,368,147,147,147,0,0,221,51,121,20801,2
"Block Group 3, Census Tract 208.01, Montgomery County, Virginia",511210208013,1493,1023,1023,1001,22,0,470,51,121,20801,3
"Block Group 2, Census Tract 208.02, Montgomery County, Virginia",511210208022,1712,861,861,826,35,0,851,51,121,20802,2
"Block Group 1, Census Tract 209, Montgomery County, Virginia",511210209001,1472,949,949,939,10,0,523,51,121,20900,1
"Block Group 3, Census Tract 209, Montgomery County, Virginia",511210209003,1646,1053,1053,978,75,0,593,51,121,20900,3
"Block Group 1, Census Tract 210, Montgomery County, Virginia",511210210001,1671,1131,1131,1131,0,0,540,51,121,21000,1
"Block Group 3, Census Tract 210, Montgomery County, Virginia",511210210003,1310,849,849,849,0,0,461,51,121,21000,3
"Block Group 2, Census Tract 211.01, Montgomery County, Virginia",511210211012,1121,767,767,767,0,0,354,51,121,21101,2
"Block Group 1, Census Tract 211.02, Montgomery County, Virginia",511210211021,1098,549,549,527,22,0,549,51,121,21102,1
"Block Group 3, Census Tract 211.02, Montgomery County, Virginia",511210211023,836,564,564,552,12,0,272,51,121,21102,3
"Block Group 1, Census Tract 212.01, Montgomery County, Virginia",511210212011,1300,834,834,816,18,0,466,51,121,21201,1
"Block Group 1, Census Tract 212.02, Montgomery County, Virginia",511210212021,1251,843,818,778,40,25,408,51,121,21202,1
"Block Group 2, Census Tract 212.02, Montgomery County, Virginia",511210212022,916,449,449,391,58,0,467,51,121,21202,2
"Block Group 2, Census Tract 213, Montgomery County, Virginia",511210213002,1365,880,870,852,18,10,485,51,121,21300,2
"Block Group 3, Census Tract 213, Montgomery County, Virginia",511210213003,752,479,479,474,5,0,273,51,121,21300,3
"Block Group 2, Census Tract 214, Montgomery County, Virginia",511210214002,1525,948,948,948,0,0,577,51,121,21400,2
"Block Group 3, Census Tract 214, Montgomery County, Virginia",511210214003,1717,935,935,935,0,0,782,51,121,21400,3
"Block Group 1, Census Tract 2004.01, Southampton County, Virginia",511752004011,773,427,427,354,73,0,346,51,175,200401,1
"Block Group 1, Census Tract 2004.02, Southampton County, Virginia",511752004021,826,521,514,509,5,7,305,51,175,200402,1
"Block Group 2, Census Tract 2004.02, Southampton County, Virginia",511752004022,1403,747,747,721,26,0,656,51,175,200402,2
"Block Group 2, Census Tract 2005, Southampton County, Virginia",511752005002,1409,981,981,862,119,0,428,51,175,200500,2
"Block Group 1, Census Tract 201.04, Spotsylvania County, Virginia",511770201041,1405,871,850,785,65,21,534,51,177,20104,1
"Block Group 3, Census Tract 201.04, Spotsylvania County, Virginia",511770201043,1411,856,856,856,0,0,555,51,177,20104,3
"Block Group 1, Census Tract 201.05, Spotsylvania County, Virginia",511770201051,755,465,462,436,26,3,290,51,177,20105,1
"Block Group 1, Census Tract 201.06, Spotsylvania County, Virginia",511770201061,1037,942,942,942,0,0,95,51,177,20106,1
"Block Group 2, Census Tract 201.06, Spotsylvania County, Virginia",511770201062,1672,1357,1357,1210,147,0,315,51,177,20106,2
"Block Group 4, Census Tract 201.06, Spotsylvania County, Virginia",511770201064,1359,805,805,576,229,0,554,51,177,20106,4
"Block Group 5, Census Tract 201.06, Spotsylvania County, Virginia",511770201065,878,397,397,353,44,0,481,51,177,20106,5
"Block Group 1, Census Tract 201.08, Spotsylvania County, Virginia",511770201081,1843,1192,1192,1156,36,0,651,51,177,20108,1
"Block Group 2, Census Tract 201.08, Spotsylvania County, Virginia",511770201082,1824,1117,1103,1019,84,14,707,51,177,20108,2
"Block Group 2, Census Tract 201.09, Spotsylvania County, Virginia",511770201092,2297,1581,1581,1489,92,0,716,51,177,20109,2
"Block Group 1, Census Tract 201.10, Spotsylvania County, Virginia",511770201101,1740,1224,1224,1158,66,0,516,51,177,20110,1
"Block Group 1, Census Tract 201.11, Spotsylvania County, Virginia",511770201111,1612,1158,1122,1055,67,36,454,51,177,20111,1
"Block Group 1, Census Tract 201.12, Spotsylvania County, Virginia",511770201121,2319,1656,1649,1495,154,7,663,51,177,20112,1
"Block Group 2, Census Tract 201.13, Spotsylvania County, Virginia",511770201132,1598,1063,1063,1009,54,0,535,51,177,20113,2
"Block Group 3, Census Tract 201.13, Spotsylvania County, Virginia",511770201133,997,736,736,676,60,0,261,51,177,20113,3
"Block Group 2, Census Tract 201.14, Spotsylvania County, Virginia",511770201142,1871,1110,1110,1042,68,0,761,51,177,20114,2
"Block Group 1, Census Tract 202.01, Spotsylvania County, Virginia",511770202011,1588,1296,1277,1197,80,19,292,51,177,20201,1
"Block Group 3, Census Tract 202.01, Spotsylvania County, Virginia",511770202013,1738,1308,1295,1246,49,13,430,51,177,20201,3
"Block Group 1, Census Tract 202.02, Spotsylvania County, Virginia",511770202021,627,389,389,378,11,0,238,51,177,20202,1
"Block Group 3, Census Tract 202.02, Spotsylvania County, Virginia",511770202023,1243,919,865,865,0,54,324,51,177,20202,3
"Block Group 4, Census Tract 202.02, Spotsylvania County, Virginia",511770202024,1355,1048,1048,968,80,0,307,51,177,20202,4
"Block Group 2, Census Tract 202.03, Spotsylvania County, Virginia",511770202032,2039,1567,1520,1475,45,47,472,51,177,20203,2
"Block Group 1, Census Tract 202.04, Spotsylvania County, Virginia",511770202041,1165,823,793,766,27,30,342,51,177,20204,1
"Block Group 3, Census Tract 202.04, Spotsylvania County, Virginia",511770202043,1419,975,956,860,96,19,444,51,177,20204,3
"Block Group 1, Census Tract 202.06, Spotsylvania County, Virginia",511770202061,1037,754,754,625,129,0,283,51,177,20206,1
"Block Group 3, Census Tract 202.06, Spotsylvania County, Virginia",511770202063,1174,965,965,900,65,0,209,51,177,20206,3
"Block Group 1, Census Tract 202.07, Spotsylvania County, Virginia",511770202071,1229,714,712,697,15,2,515,51,177,20207,1
"Block Group 1, Census Tract 203.04, Spotsylvania County, Virginia",511770203041,1327,972,972,972,0,0,355,51,177,20304,1
"Block Group 2, Census Tract 203.04, Spotsylvania County, Virginia",511770203042,1532,1077,1077,1065,12,0,455,51,177,20304,2
"Block Group 3, Census Tract 203.04, Spotsylvania County, Virginia",511770203043,942,644,621,584,37,23,298,51,177,20304,3
"Block Group 1, Census Tract 203.05, Spotsylvania County, Virginia",511770203051,1264,933,933,838,95,0,331,51,177,20305,1
"Block Group 2, Census Tract 203.05, Spotsylvania County, Virginia",511770203052,136,136,136,122,14,0,0,51,177,20305,2
"Block Group 3, Census Tract 203.05, Spotsylvania County, Virginia",511770203053,986,742,742,729,13,0,244,51,177,20305,3
"Block Group 1, Census Tract 203.07, Spotsylvania County, Virginia",511770203071,1119,751,738,690,48,13,368,51,177,20307,1
"Block Group 2, Census Tract 203.07, Spotsylvania County, Virginia",511770203072,1351,936,936,923,13,0,415,51,177,20307,2
"Block Group 1, Census Tract 203.08, Spotsylvania County, Virginia",511770203081,907,469,458,438,20,11,438,51,177,20308,1
"Block Group 2, Census Tract 103.16, Hampton city, Virginia",516500103162,1161,767,718,718,0,49,394,51,650,10316,2
"Block Group 1, Census Tract 104, Hampton city, Virginia",516500104001,401,341,341,261,80,0,60,51,650,10400,1
"Block Group 2, Census Tract 104, Hampton city, Virginia",516500104002,1130,390,354,288,66,36,740,51,650,10400,2
"Block Group 4, Census Tract 104, Hampton city, Virginia",516500104004,1194,800,800,760,40,0,394,51,650,10400,4
"Block Group 5, Census Tract 104, Hampton city, Virginia",516500104005,496,284,284,270,14,0,212,51,650,10400,5
"Block Group 2, Census Tract 105.02, Hampton city, Virginia",516500105022,454,273,248,241,7,25,181,51,650,10502,2
"Block Group 3, Census Tract 105.02, Hampton city, Virginia",516500105023,993,821,715,673,42,106,172,51,650,10502,3
"Block Group 2, Census Tract 105.03, Hampton city, Virginia",516500105032,1242,1033,1033,1017,16,0,209,51,650,10503,2
"Block Group 1, Census Tract 105.04, Hampton city, Virginia",516500105041,1231,604,594,546,48,10,627,51,650,10504,1
"Block Group 1, Census Tract 106.01, Hampton city, Virginia",516500106011,618,478,478,456,22,0,140,51,650,10601,1
"Block Group 1, Census Tract 106.02, Hampton city, Virginia",516500106021,855,483,483,483,0,0,372,51,650,10602,1
"Block Group 2, Census Tract 106.02, Hampton city, Virginia",516500106022,853,505,505,476,29,0,348,51,650,10602,2
"Block Group 1, Census Tract 107.01, Hampton city, Virginia",516500107011,1243,733,677,640,37,56,510,51,650,10701,1
"Block Group 2, Census Tract 107.01, Hampton city, Virginia",516500107012,1302,929,929,775,154,0,373,51,650,10701,2
"Block Group 1, Census Tract 107.02, Hampton city, Virginia",516500107021,1566,962,916,866,50,46,604,51,650,10702,1
"Block Group 2, Census Tract 107.02, Hampton city, Virginia",516500107022,1453,916,797,755,42,119,537,51,650,10702,2
"Block Group 1, Census Tract 107.03, Hampton city, Virginia",516500107031,726,478,354,342,12,124,248,51,650,10703,1
"Block Group 2, Census Tract 107.03, Hampton city, Virginia",516500107032,1127,706,706,688,18,0,421,51,650,10703,2
"Block Group 3, Census Tract 107.03, Hampton city, Virginia",516500107033,448,282,282,274,8,0,166,51,650,10703,3
"Block Group 1, Census Tract 108, Hampton city, Virginia",516500108001,1297,876,876,829,47,0,421,51,650,10800,1
"Block Group 2, Census Tract 108, Hampton city, Virginia",516500108002,962,532,532,532,0,0,430,51,650,10800,2
"Block Group 3, Census Tract 108, Hampton city, Virginia",516500108003,1343,812,777,762,15,35,531,51,650,10800,3
"Block Group 4, Census Tract 108, Hampton city, Virginia",516500108004,713,576,463,463,0,113,137,51,650,10800,4
"Block Group 1, Census Tract 109, Hampton city, Virginia",516500109001,704,393,368,329,39,25,311,51,650,10900,1
"Block Group 2, Census Tract 109, Hampton city, Virginia",516500109002,934,533,527,493,34,6,401,51,650,10900,2
"Block Group 1, Census Tract 110.01, Hampton city, Virginia",516500110011,1051,774,764,738,26,10,277,51,650,11001,1
"Block Group 2, Census Tract 110.01, Hampton city, Virginia",516500110012,896,578,578,578,0,0,318,51,650,11001,2
"Block Group 2, Census Tract 110.02, Hampton city, Virginia",516500110022,1524,819,801,650,151,18,705,51,650,11002,2
"Block Group 1, Census Tract 111, Hampton city, Virginia",516500111001,344,174,155,155,0,19,170,51,650,11100,1
"Block Group 2, Census Tract 112, Hampton city, Virginia",516500112002,388,289,289,261,28,0,99,51,650,11200,2
"Block Group 3, Census Tract 112, Hampton city, Virginia",516500112003,873,538,538,493,45,0,335,51,650,11200,3
"Block Group 2, Census Tract 113, Hampton city, Virginia",516500113002,488,283,283,264,19,0,205,51,650,11300,2
"Block Group 1, Census Tract 115, Hampton city, Virginia",516500115001,935,611,577,570,7,34,324,51,650,11500,1
"Block Group 2, Census Tract 115, Hampton city, Virginia",516500115002,529,263,236,228,8,27,266,51,650,11500,2
"Block Group 4, Census Tract 115, Hampton city, Virginia",516500115004,810,626,573,547,26,53,184,51,650,11500,4
"Block Group 1, Census Tract 116, Hampton city, Virginia",516500116001,1202,1014,783,759,24,231,188,51,650,11600,1
"Block Group 1, Census Tract 118, Hampton city, Virginia",516500118001,696,484,464,373,91,20,212,51,650,11800,1
"Block Group 3, Census Tract 118, Hampton city, Virginia",516500118003,369,232,232,225,7,0,137,51,650,11800,3
"Block Group 4, Census Tract 118, Hampton city, Virginia",516500118004,987,602,553,525,28,49,385,51,650,11800,4
"Block Group 6, Census Tract 118, Hampton city, Virginia",516500118006,902,607,599,572,27,8,295,51,650,11800,6
"Block Group 1, Census Tract 119, Hampton city, Virginia",516500119001,697,420,420,368,52,0,277,51,650,11900,1
"Block Group 3, Census Tract 119, Hampton city, Virginia",516500119003,691,284,284,266,18,0,407,51,650,11900,3
"Block Group 2, Census Tract 10, Roanoke city, Virginia",517700010002,871,475,475,439,36,0,396,51,770,1000,2
"Block Group 1, Census Tract 11, Roanoke city, Virginia",517700011001,539,391,391,376,15,0,148,51,770,1100,1
"Block Group 2, Census Tract 11, Roanoke city, Virginia",517700011002,1127,817,817,783,34,0,310,51,770,1100,2
"Block Group 1, Census Tract 12, Roanoke city, Virginia",517700012001,724,496,496,460,36,0,228,51,770,1200,1
"Block Group 2, Census Tract 12, Roanoke city, Virginia",517700012002,971,616,616,611,5,0,355,51,770,1200,2
"Block Group 3, Census Tract 12, Roanoke city, Virginia",517700012003,986,662,662,642,20,0,324,51,770,1200,3
"Block Group 1, Census Tract 18, Roanoke city, Virginia",517700018001,579,515,515,496,19,0,64,51,770,1800,1
"Block Group 2, Census Tract 18, Roanoke city, Virginia",517700018002,644,493,493,483,10,0,151,51,770,1800,2
"Block Group 4, Census Tract 18, Roanoke city, Virginia",517700018004,893,617,617,597,20,0,276,51,770,1800,4
"Block Group 1, Census Tract 19, Roanoke city, Virginia",517700019001,219,166,166,166,0,0,53,51,770,1900,1
"Block Group 3, Census Tract 19, Roanoke city, Virginia",517700019003,961,832,832,801,31,0,129,51,770,1900,3
"Block Group 4, Census Tract 19, Roanoke city, Virginia",517700019004,1754,1316,1316,1249,67,0,438,51,770,1900,4
"Block Group 2, Census Tract 21, Roanoke city, Virginia",517700021002,1481,716,716,706,10,0,765,51,770,2100,2
"Block Group 3, Census Tract 21, Roanoke city, Virginia",517700021003,743,369,369,363,6,0,374,51,770,2100,3
"Block Group 2, Census Tract 22, Roanoke city, Virginia",517700022002,1456,810,810,782,28,0,646,51,770,2200,2
"Block Group 1, Census Tract 23.01, Roanoke city, Virginia",517700023011,567,341,341,325,16,0,226,51,770,2301,1
"Block Group 1, Census Tract 23.02, Roanoke city, Virginia",517700023021,1271,646,646,616,30,0,625,51,770,2302,1
"Block Group 1, Census Tract 24, Roanoke city, Virginia",517700024001,1502,965,965,823,142,0,537,51,770,2400,1
"Block Group 2, Census Tract 24, Roanoke city, Virginia",517700024002,272,101,101,86,15,0,171,51,770,2400,2
"Block Group 1, Census Tract 25.01, Roanoke city, Virginia",517700025011,845,536,536,526,10,0,309,51,770,2501,1
"Block Group 2, Census Tract 25.01, Roanoke city, Virginia",517700025012,899,526,526,519,7,0,373,51,770,2501,2
"Block Group 2, Census Tract 25.02, Roanoke city, Virginia",517700025022,1539,1111,1111,936,175,0,428,51,770,2502,2
"Block Group 1, Census Tract 26, Roanoke city, Virginia",517700026001,878,489,489,417,72,0,389,51,770,2600,1
"Block Group 3, Census Tract 26, Roanoke city, Virginia",517700026003,594,269,269,247,22,0,325,51,770,2600,3
"Block Group 1, Census Tract 27, Roanoke city, Virginia",517700027001,1507,1076,1076,1076,0,0,431,51,770,2700,1
"Block Group 3, Census Tract 27, Roanoke city, Virginia",517700027003,658,342,342,314,28,0,316,51,770,2700,3
"Block Group 4, Census Tract 27, Roanoke city, Virginia",517700027004,701,484,484,484,0,0,217,51,770,2700,4
"Block Group 1, Census Tract 28, Roanoke city, Virginia",517700028001,968,512,512,459,53,0,456,51,770,2800,1
"Block Group 3, Census Tract 28, Roanoke city, Virginia",517700028003,1063,608,608,544,64,0,455,51,770,2800,3
"Block Group 4, Census Tract 28, Roanoke city, Virginia",517700028004,1032,667,667,591,76,0,365,51,770,2800,4
"Block Group 2, Census Tract 29, Roanoke city, Virginia",517700029002,646,459,459,459,0,0,187,51,770,2900,2
"Block Group 3, Census Tract 29, Roanoke city, Virginia",517700029003,1018,689,689,689,0,0,329,51,770,2900,3
"Block Group 5, Census Tract 29, Roanoke city, Virginia",517700029005,701,448,448,448,0,0,253,51,770,2900,5
"Block Group 1, Census Tract 30, Roanoke city, Virginia",517700030001,1231,729,729,724,5,0,502,51,770,3000,1
"Block Group 3, Census Tract 30, Roanoke city, Virginia",517700030003,1183,683,683,683,0,0,500,51,770,3000,3
"Block Group 1, Census Tract 31, Roanoke city, Virginia",517700031001,729,505,505,505,0,0,224,51,770,3100,1
"Block Group 3, Census Tract 31, Roanoke city, Virginia",517700031003,778,569,569,569,0,0,209,51,770,3100,3
"Block Group 4, Census Tract 31, Roanoke city, Virginia",517700031004,600,455,455,424,31,0,145,51,770,3100,4
"Block Group 1, Census Tract 101, Salem city, Virginia",517750101001,965,606,594,584,10,12,359,51,775,10100,1
"Block Group 2, Census Tract 101, Salem city, Virginia",517750101002,1348,866,866,725,141,0,482,51,775,10100,2
"Block Group 3, Census Tract 101, Salem city, Virginia",517750101003,1626,936,936,920,16,0,690,51,775,10100,3
"Block Group 4, Census Tract 101, Salem city, Virginia",517750101004,1011,753,753,743,10,0,258,51,775,10100,4
